# diffusion from /rds/user/crm98/hpc-work/cp2k-benchmarks/results/figS4/production/feature-nnp-chebyshev/N1024/seg4/H2O-1024_feature-nnp-chebyshev_seg4-pos-1.xyz
# species: O   n_atoms: 1024   n_frames: 20001
# cell_ang: 49.6800 24.8400 24.8400
# dt_ps: 0.00500
# fit_window_ps: 20.000 79.995
# viscosity_mPa_s: 0.645173
# D_PBC_ang2_ps: 0.31718638
# YH_correction_ang2_ps: 0.03087714
# D_0_ang2_ps: 0.34806352
lag_ps,msd_ang2
0.00000,-0.00000000
0.00500,0.00114603
0.01000,0.00443586
0.01500,0.00977075
0.02000,0.01696923
0.02500,0.02593397
0.03000,0.03641179
0.03500,0.04819743
0.04000,0.06111501
0.04500,0.07503319
0.05000,0.08976058
0.05500,0.10508853
0.06000,0.12088629
0.06500,0.13704426
0.07000,0.15344020
0.07500,0.16993272
0.08000,0.18646331
0.08500,0.20300878
0.09000,0.21952728
0.09500,0.23596402
0.10000,0.25231498
0.10500,0.26861502
0.11000,0.28487081
0.11500,0.30107032
0.12000,0.31723429
0.12500,0.33341010
0.13000,0.34961974
0.13500,0.36585393
0.14000,0.38212667
0.14500,0.39846908
0.15000,0.41489106
0.15500,0.43137078
0.16000,0.44790075
0.16500,0.46449214
0.17000,0.48113796
0.17500,0.49780735
0.18000,0.51447819
0.18500,0.53114994
0.19000,0.54781029
0.19500,0.56442848
0.20000,0.58098195
0.20500,0.59746795
0.21000,0.61387949
0.21500,0.63019334
0.22000,0.64639395
0.22500,0.66248225
0.23000,0.67845814
0.23500,0.69430763
0.24000,0.71002086
0.24500,0.72560189
0.25000,0.74105407
0.25500,0.75636938
0.26000,0.77154070
0.26500,0.78657215
0.27000,0.80146765
0.27500,0.81622148
0.28000,0.83082759
0.28500,0.84528852
0.29000,0.85960797
0.29500,0.87378179
0.30000,0.88780547
0.30500,0.90168122
0.31000,0.91541327
0.31500,0.92900011
0.32000,0.94243945
0.32500,0.95573459
0.33000,0.96889091
0.33500,0.98190976
0.34000,0.99479136
0.34500,1.00754019
0.35000,1.02016261
0.35500,1.03266179
0.36000,1.04503959
0.36500,1.05730057
0.37000,1.06945082
0.37500,1.08149383
0.38000,1.09343170
0.38500,1.10526829
0.39000,1.11700858
0.39500,1.12865575
0.40000,1.14021150
0.40500,1.15167884
0.41000,1.16306158
0.41500,1.17436240
0.42000,1.18558287
0.42500,1.19672540
0.43000,1.20779323
0.43500,1.21878883
0.44000,1.22971399
0.44500,1.24057096
0.45000,1.25136280
0.45500,1.26209209
0.46000,1.27276104
0.46500,1.28337215
0.47000,1.29392859
0.47500,1.30443331
0.48000,1.31488899
0.48500,1.32529836
0.49000,1.33566447
0.49500,1.34599030
0.50000,1.35627852
0.50500,1.36653181
0.51000,1.37675288
0.51500,1.38694433
0.52000,1.39710847
0.52500,1.40724745
0.53000,1.41736330
0.53500,1.42745802
0.54000,1.43753339
0.54500,1.44759105
0.55000,1.45763245
0.55500,1.46765912
0.56000,1.47767239
0.56500,1.48767348
0.57000,1.49766340
0.57500,1.50764320
0.58000,1.51761387
0.58500,1.52757628
0.59000,1.53753108
0.59500,1.54747900
0.60000,1.55742077
0.60500,1.56735701
0.61000,1.57728812
0.61500,1.58721460
0.62000,1.59713698
0.62500,1.60705563
0.63000,1.61697082
0.63500,1.62688278
0.64000,1.63679191
0.64500,1.64669840
0.65000,1.65660240
0.65500,1.66650409
0.66000,1.67640376
0.66500,1.68630155
0.67000,1.69619752
0.67500,1.70609174
0.68000,1.71598440
0.68500,1.72587559
0.69000,1.73576530
0.69500,1.74565358
0.70000,1.75554049
0.70500,1.76542608
0.71000,1.77531019
0.71500,1.78519274
0.72000,1.79507367
0.72500,1.80495286
0.73000,1.81483005
0.73500,1.82470496
0.74000,1.83457734
0.74500,1.84444688
0.75000,1.85431316
0.75500,1.86417578
0.76000,1.87403440
0.76500,1.88388863
0.77000,1.89373800
0.77500,1.90358208
0.78000,1.91342055
0.78500,1.92325311
0.79000,1.93307942
0.79500,1.94289922
0.80000,1.95271242
0.80500,1.96251891
0.81000,1.97231862
0.81500,1.98211151
0.82000,1.99189773
0.82500,2.00167733
0.83000,2.01145039
0.83500,2.02121700
0.84000,2.03097733
0.84500,2.04073151
0.85000,2.05047960
0.85500,2.06022165
0.86000,2.06995778
0.86500,2.07968808
0.87000,2.08941252
0.87500,2.09913105
0.88000,2.10884364
0.88500,2.11855019
0.89000,2.12825055
0.89500,2.13794458
0.90000,2.14763226
0.90500,2.15731350
0.91000,2.16698821
0.91500,2.17665621
0.92000,2.18631756
0.92500,2.19597224
0.93000,2.20562029
0.93500,2.21526170
0.94000,2.22489666
0.94500,2.23452536
0.95000,2.24414796
0.95500,2.25376463
0.96000,2.26337559
0.96500,2.27298119
0.97000,2.28258162
0.97500,2.29217715
0.98000,2.30176802
0.98500,2.31135455
0.99000,2.32093686
0.99500,2.33051511
1.00000,2.34008950
1.00500,2.34966027
1.01000,2.35922753
1.01500,2.36879135
1.02000,2.37835192
1.02500,2.38790938
1.03000,2.39746376
1.03500,2.40701498
1.04000,2.41656303
1.04500,2.42610796
1.05000,2.43564963
1.05500,2.44518787
1.06000,2.45472262
1.06500,2.46425383
1.07000,2.47378138
1.07500,2.48330510
1.08000,2.49282491
1.08500,2.50234084
1.09000,2.51185285
1.09500,2.52136088
1.10000,2.53086494
1.10500,2.54036510
1.11000,2.54986134
1.11500,2.55935361
1.12000,2.56884193
1.12500,2.57832640
1.13000,2.58780708
1.13500,2.59728394
1.14000,2.60675695
1.14500,2.61622620
1.15000,2.62569164
1.15500,2.63515316
1.16000,2.64461067
1.16500,2.65406416
1.17000,2.66351362
1.17500,2.67295888
1.18000,2.68239994
1.18500,2.69183685
1.19000,2.70126972
1.19500,2.71069840
1.20000,2.72012286
1.20500,2.72954310
1.21000,2.73895929
1.21500,2.74837133
1.22000,2.75777934
1.22500,2.76718346
1.23000,2.77658393
1.23500,2.78598070
1.24000,2.79537388
1.24500,2.80476352
1.25000,2.81414987
1.25500,2.82353284
1.26000,2.83291254
1.26500,2.84228902
1.27000,2.85166242
1.27500,2.86103265
1.28000,2.87039956
1.28500,2.87976314
1.29000,2.88912327
1.29500,2.89847990
1.30000,2.90783286
1.30500,2.91718222
1.31000,2.92652798
1.31500,2.93587022
1.32000,2.94520890
1.32500,2.95454407
1.33000,2.96387579
1.33500,2.97320410
1.34000,2.98252909
1.34500,2.99185086
1.35000,3.00116962
1.35500,3.01048553
1.36000,3.01979886
1.36500,3.02910987
1.37000,3.03841881
1.37500,3.04772593
1.38000,3.05703151
1.38500,3.06633584
1.39000,3.07563920
1.39500,3.08494193
1.40000,3.09424425
1.40500,3.10354646
1.41000,3.11284872
1.41500,3.12215129
1.42000,3.13145420
1.42500,3.14075763
1.43000,3.15006158
1.43500,3.15936602
1.44000,3.16867080
1.44500,3.17797576
1.45000,3.18728069
1.45500,3.19658530
1.46000,3.20588933
1.46500,3.21519246
1.47000,3.22449444
1.47500,3.23379490
1.48000,3.24309361
1.48500,3.25239035
1.49000,3.26168493
1.49500,3.27097711
1.50000,3.28026676
1.50500,3.28955383
1.51000,3.29883829
1.51500,3.30812007
1.52000,3.31739925
1.52500,3.32667594
1.53000,3.33595047
1.53500,3.34522301
1.54000,3.35449383
1.54500,3.36376321
1.55000,3.37303154
1.55500,3.38229906
1.56000,3.39156593
1.56500,3.40083241
1.57000,3.41009863
1.57500,3.41936467
1.58000,3.42863047
1.58500,3.43789604
1.59000,3.44716139
1.59500,3.45642646
1.60000,3.46569106
1.60500,3.47495510
1.61000,3.48421856
1.61500,3.49348138
1.62000,3.50274346
1.62500,3.51200478
1.63000,3.52126546
1.63500,3.53052553
1.64000,3.53978495
1.64500,3.54904376
1.65000,3.55830207
1.65500,3.56756004
1.66000,3.57681781
1.66500,3.58607559
1.67000,3.59533368
1.67500,3.60459235
1.68000,3.61385183
1.68500,3.62311238
1.69000,3.63237437
1.69500,3.64163805
1.70000,3.65090354
1.70500,3.66017078
1.71000,3.66943985
1.71500,3.67871059
1.72000,3.68798295
1.72500,3.69725671
1.73000,3.70653170
1.73500,3.71580763
1.74000,3.72508422
1.74500,3.73436121
1.75000,3.74363820
1.75500,3.75291497
1.76000,3.76219117
1.76500,3.77146668
1.77000,3.78074125
1.77500,3.79001496
1.78000,3.79928780
1.78500,3.80855998
1.79000,3.81783158
1.79500,3.82710273
1.80000,3.83637364
1.80500,3.84564450
1.81000,3.85491560
1.81500,3.86418706
1.82000,3.87345921
1.82500,3.88273229
1.83000,3.89200655
1.83500,3.90128200
1.84000,3.91055876
1.84500,3.91983702
1.85000,3.92911693
1.85500,3.93839846
1.86000,3.94768156
1.86500,3.95696628
1.87000,3.96625261
1.87500,3.97554039
1.88000,3.98482956
1.88500,3.99412014
1.89000,4.00341217
1.89500,4.01270557
1.90000,4.02200033
1.90500,4.03129652
1.91000,4.04059415
1.91500,4.04989310
1.92000,4.05919326
1.92500,4.06849455
1.93000,4.07779692
1.93500,4.08710018
1.94000,4.09640415
1.94500,4.10570877
1.95000,4.11501398
1.95500,4.12431955
1.96000,4.13362534
1.96500,4.14293126
1.97000,4.15223739
1.97500,4.16154369
1.98000,4.17085023
1.98500,4.18015722
1.99000,4.18946493
1.99500,4.19877353
2.00000,4.20808328
2.00500,4.21739452
2.01000,4.22670753
2.01500,4.23602257
2.02000,4.24533975
2.02500,4.25465933
2.03000,4.26398142
2.03500,4.27330609
2.04000,4.28263322
2.04500,4.29196273
2.05000,4.30129447
2.05500,4.31062818
2.06000,4.31996357
2.06500,4.32930031
2.07000,4.33863815
2.07500,4.34797671
2.08000,4.35731571
2.08500,4.36665482
2.09000,4.37599386
2.09500,4.38533253
2.10000,4.39467063
2.10500,4.40400806
2.11000,4.41334482
2.11500,4.42268096
2.12000,4.43201647
2.12500,4.44135156
2.13000,4.45068635
2.13500,4.46002104
2.14000,4.46935567
2.14500,4.47869045
2.15000,4.48802539
2.15500,4.49736050
2.16000,4.50669566
2.16500,4.51603080
2.17000,4.52536590
2.17500,4.53470073
2.18000,4.54403517
2.18500,4.55336894
2.19000,4.56270192
2.19500,4.57203369
2.20000,4.58136402
2.20500,4.59069260
2.21000,4.60001932
2.21500,4.60934395
2.22000,4.61866636
2.22500,4.62798634
2.23000,4.63730386
2.23500,4.64661889
2.24000,4.65593138
2.24500,4.66524143
2.25000,4.67454908
2.25500,4.68385457
2.26000,4.69315797
2.26500,4.70245955
2.27000,4.71175947
2.27500,4.72105796
2.28000,4.73035518
2.28500,4.73965135
2.29000,4.74894668
2.29500,4.75824136
2.30000,4.76753561
2.30500,4.77682953
2.31000,4.78612330
2.31500,4.79541704
2.32000,4.80471087
2.32500,4.81400482
2.33000,4.82329889
2.33500,4.83259306
2.34000,4.84188727
2.34500,4.85118157
2.35000,4.86047599
2.35500,4.86977062
2.36000,4.87906550
2.36500,4.88836069
2.37000,4.89765611
2.37500,4.90695171
2.38000,4.91624739
2.38500,4.92554318
2.39000,4.93483909
2.39500,4.94413516
2.40000,4.95343144
2.40500,4.96272798
2.41000,4.97202481
2.41500,4.98132183
2.42000,4.99061891
2.42500,4.99991586
2.43000,5.00921255
2.43500,5.01850881
2.44000,5.02780451
2.44500,5.03709942
2.45000,5.04639332
2.45500,5.05568603
2.46000,5.06497734
2.46500,5.07426722
2.47000,5.08355554
2.47500,5.09284228
2.48000,5.10212729
2.48500,5.11141051
2.49000,5.12069185
2.49500,5.12997128
2.50000,5.13924882
2.50500,5.14852451
2.51000,5.15779856
2.51500,5.16707101
2.52000,5.17634211
2.52500,5.18561194
2.53000,5.19488082
2.53500,5.20414884
2.54000,5.21341635
2.54500,5.22268348
2.55000,5.23195068
2.55500,5.24121815
2.56000,5.25048630
2.56500,5.25975538
2.57000,5.26902568
2.57500,5.27829729
2.58000,5.28757032
2.58500,5.29684487
2.59000,5.30612094
2.59500,5.31539844
2.60000,5.32467720
2.60500,5.33395710
2.61000,5.34323779
2.61500,5.35251904
2.62000,5.36180054
2.62500,5.37108214
2.63000,5.38036347
2.63500,5.38964431
2.64000,5.39892439
2.64500,5.40820371
2.65000,5.41748208
2.65500,5.42675937
2.66000,5.43603550
2.66500,5.44531061
2.67000,5.45458472
2.67500,5.46385785
2.68000,5.47313012
2.68500,5.48240181
2.69000,5.49167309
2.69500,5.50094415
2.70000,5.51021522
2.70500,5.51948661
2.71000,5.52875842
2.71500,5.53803081
2.72000,5.54730384
2.72500,5.55657787
2.73000,5.56585292
2.73500,5.57512899
2.74000,5.58440598
2.74500,5.59368404
2.75000,5.60296313
2.75500,5.61224321
2.76000,5.62152413
2.76500,5.63080591
2.77000,5.64008846
2.77500,5.64937170
2.78000,5.65865546
2.78500,5.66793974
2.79000,5.67722453
2.79500,5.68650977
2.80000,5.69579542
2.80500,5.70508159
2.81000,5.71436834
2.81500,5.72365570
2.82000,5.73294361
2.82500,5.74223220
2.83000,5.75152154
2.83500,5.76081172
2.84000,5.77010276
2.84500,5.77939477
2.85000,5.78868788
2.85500,5.79798204
2.86000,5.80727725
2.86500,5.81657351
2.87000,5.82587085
2.87500,5.83516934
2.88000,5.84446902
2.88500,5.85376993
2.89000,5.86307212
2.89500,5.87237556
2.90000,5.88168017
2.90500,5.89098575
2.91000,5.90029220
2.91500,5.90959939
2.92000,5.91890715
2.92500,5.92821526
2.93000,5.93752363
2.93500,5.94683209
2.94000,5.95614055
2.94500,5.96544877
2.95000,5.97475670
2.95500,5.98406435
2.96000,5.99337181
2.96500,6.00267915
2.97000,6.01198645
2.97500,6.02129386
2.98000,6.03060146
2.98500,6.03990930
2.99000,6.04921742
2.99500,6.05852590
3.00000,6.06783476
3.00500,6.07714407
3.01000,6.08645368
3.01500,6.09576361
3.02000,6.10507371
3.02500,6.11438404
3.03000,6.12369433
3.03500,6.13300465
3.04000,6.14231475
3.04500,6.15162476
3.05000,6.16093447
3.05500,6.17024402
3.06000,6.17955336
3.06500,6.18886264
3.07000,6.19817183
3.07500,6.20748101
3.08000,6.21679031
3.08500,6.22609976
3.09000,6.23540950
3.09500,6.24471953
3.10000,6.25403016
3.10500,6.26334146
3.11000,6.27265360
3.11500,6.28196655
3.12000,6.29128054
3.12500,6.30059553
3.13000,6.30991151
3.13500,6.31922844
3.14000,6.32854645
3.14500,6.33786555
3.15000,6.34718566
3.15500,6.35650670
3.16000,6.36582867
3.16500,6.37515155
3.17000,6.38447516
3.17500,6.39379936
3.18000,6.40312403
3.18500,6.41244912
3.19000,6.42177451
3.19500,6.43110015
3.20000,6.44042603
3.20500,6.44975216
3.21000,6.45907845
3.21500,6.46840474
3.22000,6.47773093
3.22500,6.48705692
3.23000,6.49638255
3.23500,6.50570763
3.24000,6.51503210
3.24500,6.52435590
3.25000,6.53367891
3.25500,6.54300091
3.26000,6.55232184
3.26500,6.56164160
3.27000,6.57096011
3.27500,6.58027731
3.28000,6.58959326
3.28500,6.59890815
3.29000,6.60822195
3.29500,6.61753477
3.30000,6.62684661
3.30500,6.63615772
3.31000,6.64546797
3.31500,6.65477748
3.32000,6.66408629
3.32500,6.67339466
3.33000,6.68270257
3.33500,6.69201009
3.34000,6.70131732
3.34500,6.71062439
3.35000,6.71993129
3.35500,6.72923791
3.36000,6.73854429
3.36500,6.74785038
3.37000,6.75715621
3.37500,6.76646164
3.38000,6.77576673
3.38500,6.78507155
3.39000,6.79437619
3.39500,6.80368056
3.40000,6.81298453
3.40500,6.82228806
3.41000,6.83159116
3.41500,6.84089374
3.42000,6.85019568
3.42500,6.85949695
3.43000,6.86879756
3.43500,6.87809749
3.44000,6.88739657
3.44500,6.89669480
3.45000,6.90599219
3.45500,6.91528874
3.46000,6.92458430
3.46500,6.93387889
3.47000,6.94317266
3.47500,6.95246579
3.48000,6.96175826
3.48500,6.97105021
3.49000,6.98034187
3.49500,6.98963344
3.50000,6.99892497
3.50500,7.00821662
3.51000,7.01750863
3.51500,7.02680120
3.52000,7.03609436
3.52500,7.04538823
3.53000,7.05468306
3.53500,7.06397904
3.54000,7.07327631
3.54500,7.08257496
3.55000,7.09187525
3.55500,7.10117732
3.56000,7.11048129
3.56500,7.11978712
3.57000,7.12909491
3.57500,7.13840467
3.58000,7.14771631
3.58500,7.15702965
3.59000,7.16634466
3.59500,7.17566129
3.60000,7.18497931
3.60500,7.19429852
3.61000,7.20361882
3.61500,7.21294018
3.62000,7.22226245
3.62500,7.23158555
3.63000,7.24090954
3.63500,7.25023446
3.64000,7.25956025
3.64500,7.26888672
3.65000,7.27821381
3.65500,7.28754151
3.66000,7.29686969
3.66500,7.30619813
3.67000,7.31552669
3.67500,7.32485534
3.68000,7.33418405
3.68500,7.34351265
3.69000,7.35284111
3.69500,7.36216946
3.70000,7.37149783
3.70500,7.38082614
3.71000,7.39015445
3.71500,7.39948282
3.72000,7.40881156
3.72500,7.41814069
3.73000,7.42747054
3.73500,7.43680133
3.74000,7.44613343
3.74500,7.45546690
3.75000,7.46480183
3.75500,7.47413848
3.76000,7.48347702
3.76500,7.49281752
3.77000,7.50215991
3.77500,7.51150427
3.78000,7.52085052
3.78500,7.53019860
3.79000,7.53954831
3.79500,7.54889955
3.80000,7.55825217
3.80500,7.56760593
3.81000,7.57696056
3.81500,7.58631575
3.82000,7.59567137
3.82500,7.60502725
3.83000,7.61438326
3.83500,7.62373918
3.84000,7.63309479
3.84500,7.64244990
3.85000,7.65180432
3.85500,7.66115800
3.86000,7.67051100
3.86500,7.67986340
3.87000,7.68921541
3.87500,7.69856715
3.88000,7.70791880
3.88500,7.71727057
3.89000,7.72662274
3.89500,7.73597551
3.90000,7.74532911
3.90500,7.75468385
3.91000,7.76403997
3.91500,7.77339771
3.92000,7.78275718
3.92500,7.79211848
3.93000,7.80148177
3.93500,7.81084706
3.94000,7.82021438
3.94500,7.82958358
3.95000,7.83895458
3.95500,7.84832727
3.96000,7.85770154
3.96500,7.86707715
3.97000,7.87645379
3.97500,7.88583128
3.98000,7.89520933
3.98500,7.90458777
3.99000,7.91396631
3.99500,7.92334489
4.00000,7.93272328
4.00500,7.94210138
4.01000,7.95147895
4.01500,7.96085588
4.02000,7.97023202
4.02500,7.97960735
4.03000,7.98898189
4.03500,7.99835567
4.04000,8.00772878
4.04500,8.01710118
4.05000,8.02647292
4.05500,8.03584399
4.06000,8.04521456
4.06500,8.05458464
4.07000,8.06395424
4.07500,8.07332334
4.08000,8.08269198
4.08500,8.09206012
4.09000,8.10142772
4.09500,8.11079467
4.10000,8.12016101
4.10500,8.12952677
4.11000,8.13889193
4.11500,8.14825655
4.12000,8.15762074
4.12500,8.16698462
4.13000,8.17634801
4.13500,8.18571099
4.14000,8.19507362
4.14500,8.20443605
4.15000,8.21379820
4.15500,8.22316020
4.16000,8.23252222
4.16500,8.24188431
4.17000,8.25124635
4.17500,8.26060836
4.18000,8.26997056
4.18500,8.27933295
4.19000,8.28869551
4.19500,8.29805820
4.20000,8.30742113
4.20500,8.31678442
4.21000,8.32614805
4.21500,8.33551205
4.22000,8.34487659
4.22500,8.35424184
4.23000,8.36360784
4.23500,8.37297458
4.24000,8.38234208
4.24500,8.39171051
4.25000,8.40107981
4.25500,8.41044996
4.26000,8.41982092
4.26500,8.42919288
4.27000,8.43856576
4.27500,8.44793945
4.28000,8.45731378
4.28500,8.46668879
4.29000,8.47606443
4.29500,8.48544059
4.30000,8.49481716
4.30500,8.50419414
4.31000,8.51357149
4.31500,8.52294896
4.32000,8.53232658
4.32500,8.54170436
4.33000,8.55108239
4.33500,8.56046054
4.34000,8.56983885
4.34500,8.57921738
4.35000,8.58859608
4.35500,8.59797471
4.36000,8.60735312
4.36500,8.61673128
4.37000,8.62610920
4.37500,8.63548673
4.38000,8.64486379
4.38500,8.65424030
4.39000,8.66361625
4.39500,8.67299142
4.40000,8.68236570
4.40500,8.69173882
4.41000,8.70111074
4.41500,8.71048114
4.42000,8.71985011
4.42500,8.72921754
4.43000,8.73858364
4.43500,8.74794826
4.44000,8.75731157
4.44500,8.76667365
4.45000,8.77603485
4.45500,8.78539525
4.46000,8.79475497
4.46500,8.80411399
4.47000,8.81347240
4.47500,8.82283028
4.48000,8.83218761
4.48500,8.84154444
4.49000,8.85090074
4.49500,8.86025661
4.50000,8.86961186
4.50500,8.87896651
4.51000,8.88832046
4.51500,8.89767372
4.52000,8.90702616
4.52500,8.91637778
4.53000,8.92572854
4.53500,8.93507841
4.54000,8.94442733
4.54500,8.95377524
4.55000,8.96312220
4.55500,8.97246835
4.56000,8.98181382
4.56500,8.99115867
4.57000,9.00050315
4.57500,9.00984758
4.58000,9.01919221
4.58500,9.02853711
4.59000,9.03788241
4.59500,9.04722831
4.60000,9.05657497
4.60500,9.06592239
4.61000,9.07527059
4.61500,9.08461958
4.62000,9.09396935
4.62500,9.10331969
4.63000,9.11267053
4.63500,9.12202174
4.64000,9.13137325
4.64500,9.14072488
4.65000,9.15007654
4.65500,9.15942816
4.66000,9.16877957
4.66500,9.17813066
4.67000,9.18748137
4.67500,9.19683174
4.68000,9.20618171
4.68500,9.21553126
4.69000,9.22488039
4.69500,9.23422920
4.70000,9.24357764
4.70500,9.25292566
4.71000,9.26227329
4.71500,9.27162078
4.72000,9.28096826
4.72500,9.29031580
4.73000,9.29966350
4.73500,9.30901168
4.74000,9.31836039
4.74500,9.32770967
4.75000,9.33705946
4.75500,9.34640993
4.76000,9.35576110
4.76500,9.36511287
4.77000,9.37446522
4.77500,9.38381806
4.78000,9.39317144
4.78500,9.40252509
4.79000,9.41187903
4.79500,9.42123329
4.80000,9.43058805
4.80500,9.43994301
4.81000,9.44929809
4.81500,9.45865334
4.82000,9.46800896
4.82500,9.47736492
4.83000,9.48672120
4.83500,9.49607805
4.84000,9.50543560
4.84500,9.51479393
4.85000,9.52415294
4.85500,9.53351286
4.86000,9.54287377
4.86500,9.55223569
4.87000,9.56159859
4.87500,9.57096269
4.88000,9.58032816
4.88500,9.58969485
4.89000,9.59906256
4.89500,9.60843127
4.90000,9.61780095
4.90500,9.62717137
4.91000,9.63654242
4.91500,9.64591410
4.92000,9.65528652
4.92500,9.66465959
4.93000,9.67403330
4.93500,9.68340775
4.94000,9.69278306
4.94500,9.70215915
4.95000,9.71153578
4.95500,9.72091302
4.96000,9.73029087
4.96500,9.73966931
4.97000,9.74904811
4.97500,9.75842756
4.98000,9.76780779
4.98500,9.77718895
4.99000,9.78657086
4.99500,9.79595379
5.00000,9.80533788
5.00500,9.81472325
5.01000,9.82410988
5.01500,9.83349791
5.02000,9.84288765
5.02500,9.85227906
5.03000,9.86167227
5.03500,9.87106731
5.04000,9.88046459
5.04500,9.88986399
5.05000,9.89926557
5.05500,9.90866905
5.06000,9.91807462
5.06500,9.92748210
5.07000,9.93689129
5.07500,9.94630189
5.08000,9.95571408
5.08500,9.96512779
5.09000,9.97454294
5.09500,9.98395934
5.10000,9.99337707
5.10500,10.00279601
5.11000,10.01221596
5.11500,10.02163674
5.12000,10.03105836
5.12500,10.04048073
5.13000,10.04990374
5.13500,10.05932728
5.14000,10.06875134
5.14500,10.07817596
5.15000,10.08760101
5.15500,10.09702632
5.16000,10.10645194
5.16500,10.11587792
5.17000,10.12530438
5.17500,10.13473132
5.18000,10.14415889
5.18500,10.15358717
5.19000,10.16301633
5.19500,10.17244646
5.20000,10.18187765
5.20500,10.19131013
5.21000,10.20074403
5.21500,10.21017952
5.22000,10.21961656
5.22500,10.22905523
5.23000,10.23849571
5.23500,10.24793801
5.24000,10.25738234
5.24500,10.26682875
5.25000,10.27627751
5.25500,10.28572858
5.26000,10.29518204
5.26500,10.30463782
5.27000,10.31409596
5.27500,10.32355641
5.28000,10.33301911
5.28500,10.34248404
5.29000,10.35195102
5.29500,10.36141987
5.30000,10.37089028
5.30500,10.38036212
5.31000,10.38983512
5.31500,10.39930910
5.32000,10.40878368
5.32500,10.41825867
5.33000,10.42773385
5.33500,10.43720908
5.34000,10.44668419
5.34500,10.45615906
5.35000,10.46563370
5.35500,10.47510808
5.36000,10.48458209
5.36500,10.49405567
5.37000,10.50352881
5.37500,10.51300146
5.38000,10.52247354
5.38500,10.53194506
5.39000,10.54141615
5.39500,10.55088684
5.40000,10.56035722
5.40500,10.56982747
5.41000,10.57929800
5.41500,10.58876898
5.42000,10.59824052
5.42500,10.60771263
5.43000,10.61718555
5.43500,10.62665937
5.44000,10.63613419
5.44500,10.64560998
5.45000,10.65508686
5.45500,10.66456498
5.46000,10.67404438
5.46500,10.68352502
5.47000,10.69300695
5.47500,10.70249019
5.48000,10.71197468
5.48500,10.72146024
5.49000,10.73094682
5.49500,10.74043432
5.50000,10.74992269
5.50500,10.75941179
5.51000,10.76890169
5.51500,10.77839249
5.52000,10.78788426
5.52500,10.79737702
5.53000,10.80687068
5.53500,10.81636550
5.54000,10.82586144
5.54500,10.83535862
5.55000,10.84485688
5.55500,10.85435640
5.56000,10.86385694
5.56500,10.87335844
5.57000,10.88286054
5.57500,10.89236320
5.58000,10.90186609
5.58500,10.91136908
5.59000,10.92087201
5.59500,10.93037497
5.60000,10.93987793
5.60500,10.94938078
5.61000,10.95888339
5.61500,10.96838557
5.62000,10.97788724
5.62500,10.98738821
5.63000,10.99688847
5.63500,11.00638798
5.64000,11.01588674
5.64500,11.02538461
5.65000,11.03488141
5.65500,11.04437705
5.66000,11.05387155
5.66500,11.06336495
5.67000,11.07285730
5.67500,11.08234873
5.68000,11.09183944
5.68500,11.10132977
5.69000,11.11081998
5.69500,11.12031011
5.70000,11.12980040
5.70500,11.13929113
5.71000,11.14878263
5.71500,11.15827487
5.72000,11.16776800
5.72500,11.17726224
5.73000,11.18675771
5.73500,11.19625421
5.74000,11.20575166
5.74500,11.21525001
5.75000,11.22474938
5.75500,11.23424956
5.76000,11.24375053
5.76500,11.25325230
5.77000,11.26275502
5.77500,11.27225850
5.78000,11.28176259
5.78500,11.29126728
5.79000,11.30077260
5.79500,11.31027842
5.80000,11.31978453
5.80500,11.32929094
5.81000,11.33879764
5.81500,11.34830454
5.82000,11.35781151
5.82500,11.36731852
5.83000,11.37682562
5.83500,11.38633268
5.84000,11.39583964
5.84500,11.40534638
5.85000,11.41485312
5.85500,11.42435982
5.86000,11.43386652
5.86500,11.44337328
5.87000,11.45288031
5.87500,11.46238768
5.88000,11.47189548
5.88500,11.48140388
5.89000,11.49091297
5.89500,11.50042290
5.90000,11.50993361
5.90500,11.51944520
5.91000,11.52895773
5.91500,11.53847131
5.92000,11.54798593
5.92500,11.55750162
5.93000,11.56701855
5.93500,11.57653669
5.94000,11.58605615
5.94500,11.59557686
5.95000,11.60509907
5.95500,11.61462276
5.96000,11.62414812
5.96500,11.63367501
5.97000,11.64320358
5.97500,11.65273374
5.98000,11.66226553
5.98500,11.67179885
5.99000,11.68133380
5.99500,11.69087041
6.00000,11.70040865
6.00500,11.70994850
6.01000,11.71948987
6.01500,11.72903288
6.02000,11.73857739
6.02500,11.74812334
6.03000,11.75767047
6.03500,11.76721888
6.04000,11.77676826
6.04500,11.78631854
6.05000,11.79586940
6.05500,11.80542080
6.06000,11.81497239
6.06500,11.82452403
6.07000,11.83407544
6.07500,11.84362655
6.08000,11.85317716
6.08500,11.86272729
6.09000,11.87227676
6.09500,11.88182566
6.10000,11.89137379
6.10500,11.90092122
6.11000,11.91046770
6.11500,11.92001344
6.12000,11.92955837
6.12500,11.93910263
6.13000,11.94864613
6.13500,11.95818895
6.14000,11.96773105
6.14500,11.97727246
6.15000,11.98681297
6.15500,11.99635252
6.16000,12.00589103
6.16500,12.01542854
6.17000,12.02496496
6.17500,12.03450038
6.18000,12.04403485
6.18500,12.05356852
6.19000,12.06310125
6.19500,12.07263319
6.20000,12.08216459
6.20500,12.09169595
6.21000,12.10122742
6.21500,12.11075930
6.22000,12.12029191
6.22500,12.12982584
6.23000,12.13936125
6.23500,12.14889854
6.24000,12.15843792
6.24500,12.16797986
6.25000,12.17752437
6.25500,12.18707154
6.26000,12.19662139
6.26500,12.20617391
6.27000,12.21572890
6.27500,12.22528608
6.28000,12.23484550
6.28500,12.24440702
6.29000,12.25397051
6.29500,12.26353576
6.30000,12.27310280
6.30500,12.28267160
6.31000,12.29224189
6.31500,12.30181351
6.32000,12.31138628
6.32500,12.32096034
6.33000,12.33053560
6.33500,12.34011217
6.34000,12.34968996
6.34500,12.35926931
6.35000,12.36885027
6.35500,12.37843306
6.36000,12.38801762
6.36500,12.39760415
6.37000,12.40719255
6.37500,12.41678276
6.38000,12.42637465
6.38500,12.43596821
6.39000,12.44556347
6.39500,12.45516027
6.40000,12.46475878
6.40500,12.47435884
6.41000,12.48396047
6.41500,12.49356332
6.42000,12.50316734
6.42500,12.51277224
6.43000,12.52237787
6.43500,12.53198391
6.44000,12.54159033
6.44500,12.55119703
6.45000,12.56080385
6.45500,12.57041069
6.46000,12.58001755
6.46500,12.58962477
6.47000,12.59923221
6.47500,12.60884019
6.48000,12.61844863
6.48500,12.62805800
6.49000,12.63766815
6.49500,12.64727933
6.50000,12.65689150
6.50500,12.66650499
6.51000,12.67611978
6.51500,12.68573599
6.52000,12.69535362
6.52500,12.70497302
6.53000,12.71459415
6.53500,12.72421716
6.54000,12.73384194
6.54500,12.74346866
6.55000,12.75309729
6.55500,12.76272773
6.56000,12.77235973
6.56500,12.78199322
6.57000,12.79162814
6.57500,12.80126433
6.58000,12.81090160
6.58500,12.82053993
6.59000,12.83017936
6.59500,12.83981974
6.60000,12.84946100
6.60500,12.85910319
6.61000,12.86874639
6.61500,12.87839067
6.62000,12.88803608
6.62500,12.89768269
6.63000,12.90733054
6.63500,12.91697976
6.64000,12.92663048
6.64500,12.93628285
6.65000,12.94593706
6.65500,12.95559309
6.66000,12.96525094
6.66500,12.97491061
6.67000,12.98457207
6.67500,12.99423507
6.68000,13.00389944
6.68500,13.01356508
6.69000,13.02323201
6.69500,13.03290016
6.70000,13.04256938
6.70500,13.05223961
6.71000,13.06191078
6.71500,13.07158291
6.72000,13.08125580
6.72500,13.09092942
6.73000,13.10060380
6.73500,13.11027894
6.74000,13.11995484
6.74500,13.12963140
6.75000,13.13930862
6.75500,13.14898636
6.76000,13.15866464
6.76500,13.16834341
6.77000,13.17802265
6.77500,13.18770228
6.78000,13.19738237
6.78500,13.20706303
6.79000,13.21674437
6.79500,13.22642651
6.80000,13.23610955
6.80500,13.24579359
6.81000,13.25547865
6.81500,13.26516483
6.82000,13.27485231
6.82500,13.28454120
6.83000,13.29423162
6.83500,13.30392358
6.84000,13.31361720
6.84500,13.32331241
6.85000,13.33300919
6.85500,13.34270754
6.86000,13.35240733
6.86500,13.36210852
6.87000,13.37181099
6.87500,13.38151463
6.88000,13.39121918
6.88500,13.40092447
6.89000,13.41063035
6.89500,13.42033676
6.90000,13.43004361
6.90500,13.43975081
6.91000,13.44945851
6.91500,13.45916671
6.92000,13.46887542
6.92500,13.47858455
6.93000,13.48829420
6.93500,13.49800429
6.94000,13.50771472
6.94500,13.51742535
6.95000,13.52713626
6.95500,13.53684741
6.96000,13.54655877
6.96500,13.55627017
6.97000,13.56598177
6.97500,13.57569356
6.98000,13.58540562
6.98500,13.59511778
6.99000,13.60483021
6.99500,13.61454306
7.00000,13.62425636
7.00500,13.63397015
7.01000,13.64368469
7.01500,13.65340017
7.02000,13.66311665
7.02500,13.67283421
7.03000,13.68255308
7.03500,13.69227344
7.04000,13.70199532
7.04500,13.71171877
7.05000,13.72144389
7.05500,13.73117089
7.06000,13.74089989
7.06500,13.75063089
7.07000,13.76036388
7.07500,13.77009887
7.08000,13.77983593
7.08500,13.78957492
7.09000,13.79931552
7.09500,13.80905757
7.10000,13.81880084
7.10500,13.82854519
7.11000,13.83829024
7.11500,13.84803588
7.12000,13.85778191
7.12500,13.86752823
7.13000,13.87727464
7.13500,13.88702101
7.14000,13.89676724
7.14500,13.90651316
7.15000,13.91625862
7.15500,13.92600361
7.16000,13.93574797
7.16500,13.94549169
7.17000,13.95523460
7.17500,13.96497699
7.18000,13.97471894
7.18500,13.98446077
7.19000,13.99420252
7.19500,14.00394444
7.20000,14.01368657
7.20500,14.02342921
7.21000,14.03317235
7.21500,14.04291625
7.22000,14.05266088
7.22500,14.06240649
7.23000,14.07215306
7.23500,14.08190070
7.24000,14.09164946
7.24500,14.10139940
7.25000,14.11115041
7.25500,14.12090238
7.26000,14.13065511
7.26500,14.14040860
7.27000,14.15016290
7.27500,14.15991798
7.28000,14.16967380
7.28500,14.17943029
7.29000,14.18918739
7.29500,14.19894490
7.30000,14.20870275
7.30500,14.21846090
7.31000,14.22821928
7.31500,14.23797784
7.32000,14.24773656
7.32500,14.25749556
7.33000,14.26725495
7.33500,14.27701487
7.34000,14.28677539
7.34500,14.29653650
7.35000,14.30629819
7.35500,14.31606037
7.36000,14.32582306
7.36500,14.33558609
7.37000,14.34534945
7.37500,14.35511307
7.38000,14.36487688
7.38500,14.37464077
7.39000,14.38440461
7.39500,14.39416832
7.40000,14.40393161
7.40500,14.41369444
7.41000,14.42345660
7.41500,14.43321844
7.42000,14.44297993
7.42500,14.45274125
7.43000,14.46250226
7.43500,14.47226306
7.44000,14.48202365
7.44500,14.49178395
7.45000,14.50154389
7.45500,14.51130346
7.46000,14.52106267
7.46500,14.53082116
7.47000,14.54057866
7.47500,14.55033506
7.48000,14.56009031
7.48500,14.56984421
7.49000,14.57959666
7.49500,14.58934779
7.50000,14.59909759
7.50500,14.60884605
7.51000,14.61859298
7.51500,14.62833847
7.52000,14.63808253
7.52500,14.64782522
7.53000,14.65756652
7.53500,14.66730672
7.54000,14.67704604
7.54500,14.68678464
7.55000,14.69652256
7.55500,14.70625995
7.56000,14.71599685
7.56500,14.72573320
7.57000,14.73546906
7.57500,14.74520458
7.58000,14.75493986
7.58500,14.76467494
7.59000,14.77441006
7.59500,14.78414541
7.60000,14.79388117
7.60500,14.80361728
7.61000,14.81335382
7.61500,14.82309076
7.62000,14.83282805
7.62500,14.84256551
7.63000,14.85230308
7.63500,14.86204073
7.64000,14.87177843
7.64500,14.88151605
7.65000,14.89125355
7.65500,14.90099075
7.66000,14.91072766
7.66500,14.92046397
7.67000,14.93019966
7.67500,14.93993437
7.68000,14.94966818
7.68500,14.95940075
7.69000,14.96913203
7.69500,14.97886165
7.70000,14.98858979
7.70500,14.99831630
7.71000,15.00804128
7.71500,15.01776461
7.72000,15.02748650
7.72500,15.03720693
7.73000,15.04692601
7.73500,15.05664365
7.74000,15.06636013
7.74500,15.07607566
7.75000,15.08579070
7.75500,15.09550535
7.76000,15.10521993
7.76500,15.11493461
7.77000,15.12464966
7.77500,15.13436511
7.78000,15.14408102
7.78500,15.15379745
7.79000,15.16351456
7.79500,15.17323262
7.80000,15.18295173
7.80500,15.19267210
7.81000,15.20239377
7.81500,15.21211693
7.82000,15.22184153
7.82500,15.23156756
7.83000,15.24129509
7.83500,15.25102419
7.84000,15.26075474
7.84500,15.27048672
7.85000,15.28022008
7.85500,15.28995477
7.86000,15.29969055
7.86500,15.30942726
7.87000,15.31916464
7.87500,15.32890261
7.88000,15.33864093
7.88500,15.34837955
7.89000,15.35811821
7.89500,15.36785701
7.90000,15.37759578
7.90500,15.38733437
7.91000,15.39707256
7.91500,15.40681036
7.92000,15.41654764
7.92500,15.42628423
7.93000,15.43602000
7.93500,15.44575507
7.94000,15.45548949
7.94500,15.46522338
7.95000,15.47495696
7.95500,15.48469056
7.96000,15.49442445
7.96500,15.50415896
7.97000,15.51389422
7.97500,15.52363057
7.98000,15.53336838
7.98500,15.54310804
7.99000,15.55284980
7.99500,15.56259378
8.00000,15.57234017
8.00500,15.58208884
8.01000,15.59183986
8.01500,15.60159293
8.02000,15.61134836
8.02500,15.62110589
8.03000,15.63086566
8.03500,15.64062734
8.04000,15.65039100
8.04500,15.66015640
8.05000,15.66992357
8.05500,15.67969240
8.06000,15.68946301
8.06500,15.69923526
8.07000,15.70900911
8.07500,15.71878457
8.08000,15.72856164
8.08500,15.73834021
8.09000,15.74812017
8.09500,15.75790160
8.10000,15.76768455
8.10500,15.77746898
8.11000,15.78725482
8.11500,15.79704214
8.12000,15.80683119
8.12500,15.81662209
8.13000,15.82641488
8.13500,15.83620965
8.14000,15.84600661
8.14500,15.85580578
8.15000,15.86560700
8.15500,15.87541020
8.16000,15.88521529
8.16500,15.89502198
8.17000,15.90482993
8.17500,15.91463890
8.18000,15.92444874
8.18500,15.93425909
8.19000,15.94406958
8.19500,15.95388000
8.20000,15.96369032
8.20500,15.97350035
8.21000,15.98330968
8.21500,15.99311798
8.22000,16.00292509
8.22500,16.01273066
8.23000,16.02253445
8.23500,16.03233621
8.24000,16.04213612
8.24500,16.05193414
8.25000,16.06173043
8.25500,16.07152474
8.26000,16.08131740
8.26500,16.09110840
8.27000,16.10089780
8.27500,16.11068540
8.28000,16.12047144
8.28500,16.13025589
8.29000,16.14003882
8.29500,16.14982024
8.30000,16.15960030
8.30500,16.16937907
8.31000,16.17915647
8.31500,16.18893251
8.32000,16.19870736
8.32500,16.20848126
8.33000,16.21825431
8.33500,16.22802655
8.34000,16.23779806
8.34500,16.24756895
8.35000,16.25733903
8.35500,16.26710833
8.36000,16.27687670
8.36500,16.28664420
8.37000,16.29641060
8.37500,16.30617578
8.38000,16.31593952
8.38500,16.32570174
8.39000,16.33546224
8.39500,16.34522082
8.40000,16.35497725
8.40500,16.36473152
8.41000,16.37448351
8.41500,16.38423315
8.42000,16.39398040
8.42500,16.40372531
8.43000,16.41346791
8.43500,16.42320821
8.44000,16.43294639
8.44500,16.44268263
8.45000,16.45241699
8.45500,16.46214962
8.46000,16.47188062
8.46500,16.48161036
8.47000,16.49133896
8.47500,16.50106649
8.48000,16.51079300
8.48500,16.52051877
8.49000,16.53024375
8.49500,16.53996782
8.50000,16.54969097
8.50500,16.55941328
8.51000,16.56913481
8.51500,16.57885549
8.52000,16.58857560
8.52500,16.59829527
8.53000,16.60801465
8.53500,16.61773373
8.54000,16.62745290
8.54500,16.63717267
8.55000,16.64689337
8.55500,16.65661530
8.56000,16.66633877
8.56500,16.67606421
8.57000,16.68579161
8.57500,16.69552101
8.58000,16.70525239
8.58500,16.71498586
8.59000,16.72472148
8.59500,16.73445923
8.60000,16.74419930
8.60500,16.75394156
8.61000,16.76368585
8.61500,16.77343189
8.62000,16.78317958
8.62500,16.79292867
8.63000,16.80267898
8.63500,16.81243028
8.64000,16.82218251
8.64500,16.83193536
8.65000,16.84168866
8.65500,16.85144210
8.66000,16.86119559
8.66500,16.87094887
8.67000,16.88070170
8.67500,16.89045391
8.68000,16.90020569
8.68500,16.90995704
8.69000,16.91970800
8.69500,16.92945838
8.70000,16.93920840
8.70500,16.94895793
8.71000,16.95870716
8.71500,16.96845604
8.72000,16.97820502
8.72500,16.98795412
8.73000,16.99770348
8.73500,17.00745310
8.74000,17.01720307
8.74500,17.02695337
8.75000,17.03670398
8.75500,17.04645488
8.76000,17.05620622
8.76500,17.06595792
8.77000,17.07571004
8.77500,17.08546255
8.78000,17.09521574
8.78500,17.10496954
8.79000,17.11472398
8.79500,17.12447900
8.80000,17.13423478
8.80500,17.14399130
8.81000,17.15374831
8.81500,17.16350593
8.82000,17.17326438
8.82500,17.18302392
8.83000,17.19278447
8.83500,17.20254624
8.84000,17.21230918
8.84500,17.22207342
8.85000,17.23183872
8.85500,17.24160506
8.86000,17.25137249
8.86500,17.26114112
8.87000,17.27091110
8.87500,17.28068261
8.88000,17.29045580
8.88500,17.30023057
8.89000,17.31000683
8.89500,17.31978468
8.90000,17.32956421
8.90500,17.33934541
8.91000,17.34912833
8.91500,17.35891290
8.92000,17.36869932
8.92500,17.37848744
8.93000,17.38827716
8.93500,17.39806811
8.94000,17.40786017
8.94500,17.41765334
8.95000,17.42744745
8.95500,17.43724242
8.96000,17.44703813
8.96500,17.45683494
8.97000,17.46663287
8.97500,17.47643207
8.98000,17.48623255
8.98500,17.49603456
8.99000,17.50583822
8.99500,17.51564330
9.00000,17.52544992
9.00500,17.53525793
9.01000,17.54506750
9.01500,17.55487839
9.02000,17.56469064
9.02500,17.57450425
9.03000,17.58431930
9.03500,17.59413552
9.04000,17.60395268
9.04500,17.61377081
9.05000,17.62358965
9.05500,17.63340898
9.06000,17.64322839
9.06500,17.65304793
9.07000,17.66286758
9.07500,17.67268708
9.08000,17.68250609
9.08500,17.69232447
9.09000,17.70214234
9.09500,17.71195952
9.10000,17.72177582
9.10500,17.73159155
9.11000,17.74140688
9.11500,17.75122207
9.12000,17.76103695
9.12500,17.77085205
9.13000,17.78066758
9.13500,17.79048384
9.14000,17.80030068
9.14500,17.81011858
9.15000,17.81993759
9.15500,17.82975809
9.16000,17.83957992
9.16500,17.84940351
9.17000,17.85922908
9.17500,17.86905696
9.18000,17.87888696
9.18500,17.88871919
9.19000,17.89855362
9.19500,17.90839017
9.20000,17.91822851
9.20500,17.92806840
9.21000,17.93790981
9.21500,17.94775250
9.22000,17.95759611
9.22500,17.96744031
9.23000,17.97728518
9.23500,17.98713060
9.24000,17.99697661
9.24500,18.00682301
9.25000,18.01667003
9.25500,18.02651764
9.26000,18.03636584
9.26500,18.04621437
9.27000,18.05606330
9.27500,18.06591253
9.28000,18.07576174
9.28500,18.08561071
9.29000,18.09545924
9.29500,18.10530748
9.30000,18.11515526
9.30500,18.12500278
9.31000,18.13484988
9.31500,18.14469680
9.32000,18.15454351
9.32500,18.16439014
9.33000,18.17423670
9.33500,18.18408327
9.34000,18.19393008
9.34500,18.20377713
9.35000,18.21362435
9.35500,18.22347135
9.36000,18.23331820
9.36500,18.24316476
9.37000,18.25301096
9.37500,18.26285656
9.38000,18.27270154
9.38500,18.28254585
9.39000,18.29238929
9.39500,18.30223156
9.40000,18.31207246
9.40500,18.32191179
9.41000,18.33174935
9.41500,18.34158481
9.42000,18.35141813
9.42500,18.36124902
9.43000,18.37107739
9.43500,18.38090284
9.44000,18.39072549
9.44500,18.40054511
9.45000,18.41036183
9.45500,18.42017548
9.46000,18.42998630
9.46500,18.43979432
9.47000,18.44959970
9.47500,18.45940254
9.48000,18.46920304
9.48500,18.47900144
9.49000,18.48879775
9.49500,18.49859218
9.50000,18.50838475
9.50500,18.51817571
9.51000,18.52796478
9.51500,18.53775222
9.52000,18.54753798
9.52500,18.55732208
9.53000,18.56710427
9.53500,18.57688464
9.54000,18.58666326
9.54500,18.59643993
9.55000,18.60621448
9.55500,18.61598672
9.56000,18.62575674
9.56500,18.63552442
9.57000,18.64528974
9.57500,18.65505281
9.58000,18.66481375
9.58500,18.67457270
9.59000,18.68432950
9.59500,18.69408442
9.60000,18.70383748
9.60500,18.71358903
9.61000,18.72333901
9.61500,18.73308772
9.62000,18.74283538
9.62500,18.75258209
9.63000,18.76232792
9.63500,18.77207297
9.64000,18.78181767
9.64500,18.79156211
9.65000,18.80130656
9.65500,18.81105103
9.66000,18.82079572
9.66500,18.83054056
9.67000,18.84028546
9.67500,18.85003056
9.68000,18.85977577
9.68500,18.86952139
9.69000,18.87926733
9.69500,18.88901389
9.70000,18.89876075
9.70500,18.90850796
9.71000,18.91825522
9.71500,18.92800258
9.72000,18.93774995
9.72500,18.94749736
9.73000,18.95724489
9.73500,18.96699260
9.74000,18.97674059
9.74500,18.98648886
9.75000,18.99623765
9.75500,19.00598688
9.76000,19.01573670
9.76500,19.02548692
9.77000,19.03523763
9.77500,19.04498883
9.78000,19.05474066
9.78500,19.06449335
9.79000,19.07424686
9.79500,19.08400136
9.80000,19.09375684
9.80500,19.10351349
9.81000,19.11327140
9.81500,19.12303085
9.82000,19.13279193
9.82500,19.14255483
9.83000,19.15231971
9.83500,19.16208681
9.84000,19.17185639
9.84500,19.18162863
9.85000,19.19140361
9.85500,19.20118147
9.86000,19.21096208
9.86500,19.22074528
9.87000,19.23053081
9.87500,19.24031861
9.88000,19.25010839
9.88500,19.25989981
9.89000,19.26969252
9.89500,19.27948626
9.90000,19.28928077
9.90500,19.29907590
9.91000,19.30887148
9.91500,19.31866745
9.92000,19.32846363
9.92500,19.33825980
9.93000,19.34805570
9.93500,19.35785118
9.94000,19.36764599
9.94500,19.37743995
9.95000,19.38723298
9.95500,19.39702497
9.96000,19.40681600
9.96500,19.41660582
9.97000,19.42639477
9.97500,19.43618304
9.98000,19.44597100
9.98500,19.45575876
9.99000,19.46554659
9.99500,19.47533473
10.00000,19.48512323
10.00500,19.49491234
10.01000,19.50470209
10.01500,19.51449275
10.02000,19.52428422
10.02500,19.53407673
10.03000,19.54387027
10.03500,19.55366522
10.04000,19.56346178
10.04500,19.57326013
10.05000,19.58306036
10.05500,19.59286262
10.06000,19.60266692
10.06500,19.61247321
10.07000,19.62228129
10.07500,19.63209130
10.08000,19.64190310
10.08500,19.65171670
10.09000,19.66153205
10.09500,19.67134923
10.10000,19.68116808
10.10500,19.69098846
10.11000,19.70081013
10.11500,19.71063325
10.12000,19.72045761
10.12500,19.73028315
10.13000,19.74010972
10.13500,19.74993743
10.14000,19.75976629
10.14500,19.76959608
10.15000,19.77942663
10.15500,19.78925792
10.16000,19.79909004
10.16500,19.80892288
10.17000,19.81875630
10.17500,19.82859036
10.18000,19.83842509
10.18500,19.84826033
10.19000,19.85809579
10.19500,19.86793122
10.20000,19.87776646
10.20500,19.88760117
10.21000,19.89743524
10.21500,19.90726863
10.22000,19.91710153
10.22500,19.92693378
10.23000,19.93676559
10.23500,19.94659705
10.24000,19.95642839
10.24500,19.96625962
10.25000,19.97609079
10.25500,19.98592205
10.26000,19.99575343
10.26500,20.00558491
10.27000,20.01541641
10.27500,20.02524809
10.28000,20.03507989
10.28500,20.04491183
10.29000,20.05474377
10.29500,20.06457563
10.30000,20.07440727
10.30500,20.08423842
10.31000,20.09406896
10.31500,20.10389877
10.32000,20.11372765
10.32500,20.12355522
10.33000,20.13338159
10.33500,20.14320698
10.34000,20.15303141
10.34500,20.16285465
10.35000,20.17267677
10.35500,20.18249791
10.36000,20.19231822
10.36500,20.20213756
10.37000,20.21195626
10.37500,20.22177454
10.38000,20.23159278
10.38500,20.24141093
10.39000,20.25122925
10.39500,20.26104781
10.40000,20.27086675
10.40500,20.28068591
10.41000,20.29050545
10.41500,20.30032549
10.42000,20.31014627
10.42500,20.31996780
10.43000,20.32979018
10.43500,20.33961364
10.44000,20.34943830
10.44500,20.35926400
10.45000,20.36909053
10.45500,20.37891789
10.46000,20.38874605
10.46500,20.39857490
10.47000,20.40840438
10.47500,20.41823461
10.48000,20.42806566
10.48500,20.43789751
10.49000,20.44773013
10.49500,20.45756374
10.50000,20.46739839
10.50500,20.47723410
10.51000,20.48707069
10.51500,20.49690848
10.52000,20.50674727
10.52500,20.51658687
10.53000,20.52642681
10.53500,20.53626721
10.54000,20.54610814
10.54500,20.55594955
10.55000,20.56579136
10.55500,20.57563375
10.56000,20.58547685
10.56500,20.59532055
10.57000,20.60516479
10.57500,20.61500969
10.58000,20.62485541
10.58500,20.63470181
10.59000,20.64454878
10.59500,20.65439645
10.60000,20.66424506
10.60500,20.67409476
10.61000,20.68394540
10.61500,20.69379717
10.62000,20.70365028
10.62500,20.71350478
10.63000,20.72336047
10.63500,20.73321722
10.64000,20.74307505
10.64500,20.75293367
10.65000,20.76279281
10.65500,20.77265227
10.66000,20.78251208
10.66500,20.79237207
10.67000,20.80223205
10.67500,20.81209208
10.68000,20.82195222
10.68500,20.83181250
10.69000,20.84167266
10.69500,20.85153284
10.70000,20.86139291
10.70500,20.87125315
10.71000,20.88111350
10.71500,20.89097415
10.72000,20.90083522
10.72500,20.91069706
10.73000,20.92055980
10.73500,20.93042382
10.74000,20.94028942
10.74500,20.95015694
10.75000,20.96002634
10.75500,20.96989776
10.76000,20.97977129
10.76500,20.98964699
10.77000,20.99952472
10.77500,21.00940427
10.78000,21.01928560
10.78500,21.02916868
10.79000,21.03905339
10.79500,21.04893968
10.80000,21.05882754
10.80500,21.06871694
10.81000,21.07860775
10.81500,21.08849981
10.82000,21.09839314
10.82500,21.10828775
10.83000,21.11818360
10.83500,21.12808054
10.84000,21.13797888
10.84500,21.14787871
10.85000,21.15778008
10.85500,21.16768281
10.86000,21.17758729
10.86500,21.18749360
10.87000,21.19740159
10.87500,21.20731132
10.88000,21.21722338
10.88500,21.22713832
10.89000,21.23705620
10.89500,21.24697728
10.90000,21.25690197
10.90500,21.26683054
10.91000,21.27676284
10.91500,21.28669847
10.92000,21.29663769
10.92500,21.30658034
10.93000,21.31652614
10.93500,21.32647428
10.94000,21.33642475
10.94500,21.34637727
10.95000,21.35633156
10.95500,21.36628679
10.96000,21.37624279
10.96500,21.38619930
10.97000,21.39615615
10.97500,21.40611295
10.98000,21.41606981
10.98500,21.42602668
10.99000,21.43598354
10.99500,21.44594020
11.00000,21.45589700
11.00500,21.46585399
11.01000,21.47581122
11.01500,21.48576839
11.02000,21.49572581
11.02500,21.50568345
11.03000,21.51564138
11.03500,21.52559920
11.04000,21.53555706
11.04500,21.54551499
11.05000,21.55547278
11.05500,21.56543006
11.06000,21.57538685
11.06500,21.58534339
11.07000,21.59529973
11.07500,21.60525590
11.08000,21.61521201
11.08500,21.62516828
11.09000,21.63512452
11.09500,21.64508049
11.10000,21.65503614
11.10500,21.66499153
11.11000,21.67494651
11.11500,21.68490096
11.12000,21.69485485
11.12500,21.70480843
11.13000,21.71476155
11.13500,21.72471437
11.14000,21.73466675
11.14500,21.74461897
11.15000,21.75457079
11.15500,21.76452220
11.16000,21.77447310
11.16500,21.78442372
11.17000,21.79437404
11.17500,21.80432415
11.18000,21.81427422
11.18500,21.82422468
11.19000,21.83417572
11.19500,21.84412740
11.20000,21.85407997
11.20500,21.86403375
11.21000,21.87398890
11.21500,21.88394526
11.22000,21.89390282
11.22500,21.90386170
11.23000,21.91382172
11.23500,21.92378265
11.24000,21.93374441
11.24500,21.94370725
11.25000,21.95367137
11.25500,21.96363671
11.26000,21.97360324
11.26500,21.98357098
11.27000,21.99353995
11.27500,22.00350998
11.28000,22.01348092
11.28500,22.02345276
11.29000,22.03342542
11.29500,22.04339869
11.30000,22.05337248
11.30500,22.06334666
11.31000,22.07332124
11.31500,22.08329604
11.32000,22.09327110
11.32500,22.10324649
11.33000,22.11322254
11.33500,22.12319929
11.34000,22.13317692
11.34500,22.14315556
11.35000,22.15313534
11.35500,22.16311642
11.36000,22.17309899
11.36500,22.18308328
11.37000,22.19306955
11.37500,22.20305800
11.38000,22.21304867
11.38500,22.22304144
11.39000,22.23303637
11.39500,22.24303330
11.40000,22.25303217
11.40500,22.26303271
11.41000,22.27303499
11.41500,22.28303879
11.42000,22.29304419
11.42500,22.30305076
11.43000,22.31305853
11.43500,22.32306714
11.44000,22.33307647
11.44500,22.34308609
11.45000,22.35309596
11.45500,22.36310577
11.46000,22.37311550
11.46500,22.38312492
11.47000,22.39313426
11.47500,22.40314341
11.48000,22.41315252
11.48500,22.42316149
11.49000,22.43317024
11.49500,22.44317852
11.50000,22.45318610
11.50500,22.46319273
11.51000,22.47319829
11.51500,22.48320274
11.52000,22.49320592
11.52500,22.50320780
11.53000,22.51320833
11.53500,22.52320773
11.54000,22.53320594
11.54500,22.54320293
11.55000,22.55319867
11.55500,22.56319330
11.56000,22.57318696
11.56500,22.58317973
11.57000,22.59317169
11.57500,22.60316308
11.58000,22.61315423
11.58500,22.62314515
11.59000,22.63313603
11.59500,22.64312705
11.60000,22.65311858
11.60500,22.66311051
11.61000,22.67310300
11.61500,22.68309604
11.62000,22.69308975
11.62500,22.70308386
11.63000,22.71307845
11.63500,22.72307346
11.64000,22.73306906
11.64500,22.74306510
11.65000,22.75306162
11.65500,22.76305850
11.66000,22.77305565
11.66500,22.78305307
11.67000,22.79305065
11.67500,22.80304857
11.68000,22.81304679
11.68500,22.82304568
11.69000,22.83304503
11.69500,22.84304515
11.70000,22.85304600
11.70500,22.86304774
11.71000,22.87305027
11.71500,22.88305368
11.72000,22.89305817
11.72500,22.90306364
11.73000,22.91307010
11.73500,22.92307732
11.74000,22.93308538
11.74500,22.94309380
11.75000,22.95310246
11.75500,22.96311111
11.76000,22.97311968
11.76500,22.98312800
11.77000,22.99313612
11.77500,23.00314428
11.78000,23.01315271
11.78500,23.02316168
11.79000,23.03317140
11.79500,23.04318193
11.80000,23.05319334
11.80500,23.06320565
11.81000,23.07321899
11.81500,23.08323337
11.82000,23.09324897
11.82500,23.10326563
11.83000,23.11328326
11.83500,23.12330166
11.84000,23.13332071
11.84500,23.14334029
11.85000,23.15336018
11.85500,23.16338014
11.86000,23.17339991
11.86500,23.18341934
11.87000,23.19343818
11.87500,23.20345622
11.88000,23.21347312
11.88500,23.22348878
11.89000,23.23350320
11.89500,23.24351621
11.90000,23.25352752
11.90500,23.26353676
11.91000,23.27354386
11.91500,23.28354858
11.92000,23.29355086
11.92500,23.30355064
11.93000,23.31354804
11.93500,23.32354293
11.94000,23.33353522
11.94500,23.34352497
11.95000,23.35351235
11.95500,23.36349727
11.96000,23.37347975
11.96500,23.38345987
11.97000,23.39343788
11.97500,23.40341381
11.98000,23.41338792
11.98500,23.42336030
11.99000,23.43333131
11.99500,23.44330066
12.00000,23.45326864
12.00500,23.46323509
12.01000,23.47320028
12.01500,23.48316394
12.02000,23.49312625
12.02500,23.50308727
12.03000,23.51304731
12.03500,23.52300633
12.04000,23.53296445
12.04500,23.54292183
12.05000,23.55287875
12.05500,23.56283528
12.06000,23.57279126
12.06500,23.58274685
12.07000,23.59270216
12.07500,23.60265728
12.08000,23.61261202
12.08500,23.62256658
12.09000,23.63252152
12.09500,23.64247689
12.10000,23.65243266
12.10500,23.66238868
12.11000,23.67234521
12.11500,23.68230214
12.12000,23.69225937
12.12500,23.70221668
12.13000,23.71217423
12.13500,23.72213203
12.14000,23.73209000
12.14500,23.74204789
12.15000,23.75200578
12.15500,23.76196351
12.16000,23.77192094
12.16500,23.78187777
12.17000,23.79183415
12.17500,23.80178979
12.18000,23.81174452
12.18500,23.82169805
12.19000,23.83165036
12.19500,23.84160123
12.20000,23.85155033
12.20500,23.86149761
12.21000,23.87144327
12.21500,23.88138738
12.22000,23.89132974
12.22500,23.90127060
12.23000,23.91121018
12.23500,23.92114845
12.24000,23.93108518
12.24500,23.94102056
12.25000,23.95095493
12.25500,23.96088843
12.26000,23.97082100
12.26500,23.98075285
12.27000,23.99068439
12.27500,24.00061573
12.28000,24.01054663
12.28500,24.02047721
12.29000,24.03040753
12.29500,24.04033752
12.30000,24.05026688
12.30500,24.06019557
12.31000,24.07012379
12.31500,24.08005141
12.32000,24.08997821
12.32500,24.09990382
12.33000,24.10982828
12.33500,24.11975126
12.34000,24.12967251
12.34500,24.13959163
12.35000,24.14950865
12.35500,24.15942323
12.36000,24.16933520
12.36500,24.17924427
12.37000,24.18915049
12.37500,24.19905370
12.38000,24.20895370
12.38500,24.21885034
12.39000,24.22874358
12.39500,24.23863345
12.40000,24.24851992
12.40500,24.25840292
12.41000,24.26828264
12.41500,24.27815921
12.42000,24.28803270
12.42500,24.29790320
12.43000,24.30777099
12.43500,24.31763624
12.44000,24.32749897
12.44500,24.33735922
12.45000,24.34721715
12.45500,24.35707294
12.46000,24.36692667
12.46500,24.37677838
12.47000,24.38662827
12.47500,24.39647677
12.48000,24.40632389
12.48500,24.41616976
12.49000,24.42601448
12.49500,24.43585840
12.50000,24.44570148
12.50500,24.45554373
12.51000,24.46538516
12.51500,24.47522610
12.52000,24.48506646
12.52500,24.49490615
12.53000,24.50474488
12.53500,24.51458277
12.54000,24.52441973
12.54500,24.53425560
12.55000,24.54409040
12.55500,24.55392426
12.56000,24.56375732
12.56500,24.57358946
12.57000,24.58342059
12.57500,24.59325090
12.58000,24.60308052
12.58500,24.61290927
12.59000,24.62273684
12.59500,24.63256322
12.60000,24.64238862
12.60500,24.65221294
12.61000,24.66203636
12.61500,24.67185908
12.62000,24.68168158
12.62500,24.69150381
12.63000,24.70132591
12.63500,24.71114775
12.64000,24.72096968
12.64500,24.73079183
12.65000,24.74061437
12.65500,24.75043754
12.66000,24.76026153
12.66500,24.77008682
12.67000,24.77991326
12.67500,24.78974115
12.68000,24.79957047
12.68500,24.80940173
12.69000,24.81923470
12.69500,24.82906960
12.70000,24.83890636
12.70500,24.84874517
12.71000,24.85858615
12.71500,24.86842915
12.72000,24.87827420
12.72500,24.88812108
12.73000,24.89796986
12.73500,24.90782009
12.74000,24.91767202
12.74500,24.92752553
12.75000,24.93738080
12.75500,24.94723744
12.76000,24.95709522
12.76500,24.96695386
12.77000,24.97681308
12.77500,24.98667274
12.78000,24.99653248
12.78500,25.00639241
12.79000,25.01625230
12.79500,25.02611218
12.80000,25.03597175
12.80500,25.04583091
12.81000,25.05568944
12.81500,25.06554718
12.82000,25.07540409
12.82500,25.08526020
12.83000,25.09511569
12.83500,25.10497071
12.84000,25.11482534
12.84500,25.12467976
12.85000,25.13453413
12.85500,25.14438869
12.86000,25.15424328
12.86500,25.16409810
12.87000,25.17395331
12.87500,25.18380936
12.88000,25.19366632
12.88500,25.20352430
12.89000,25.21338315
12.89500,25.22324297
12.90000,25.23310384
12.90500,25.24296568
12.91000,25.25282841
12.91500,25.26269184
12.92000,25.27255593
12.92500,25.28242041
12.93000,25.29228530
12.93500,25.30215042
12.94000,25.31201608
12.94500,25.32188211
12.95000,25.33174855
12.95500,25.34161520
12.96000,25.35148219
12.96500,25.36134929
12.97000,25.37121632
12.97500,25.38108317
12.98000,25.39094992
12.98500,25.40081680
12.99000,25.41068387
12.99500,25.42055137
13.00000,25.43041942
13.00500,25.44028819
13.01000,25.45015767
13.01500,25.46002783
13.02000,25.46989878
13.02500,25.47977080
13.03000,25.48964397
13.03500,25.49951838
13.04000,25.50939427
13.04500,25.51927205
13.05000,25.52915169
13.05500,25.53903310
13.06000,25.54891636
13.06500,25.55880183
13.07000,25.56868948
13.07500,25.57857895
13.08000,25.58847010
13.08500,25.59836285
13.09000,25.60825727
13.09500,25.61815299
13.10000,25.62804977
13.10500,25.63794760
13.11000,25.64784621
13.11500,25.65774537
13.12000,25.66764461
13.12500,25.67754417
13.13000,25.68744388
13.13500,25.69734372
13.14000,25.70724326
13.14500,25.71714269
13.15000,25.72704160
13.15500,25.73693982
13.16000,25.74683707
13.16500,25.75673379
13.17000,25.76663001
13.17500,25.77652568
13.18000,25.78642060
13.18500,25.79631504
13.19000,25.80620928
13.19500,25.81610345
13.20000,25.82599762
13.20500,25.83589219
13.21000,25.84578766
13.21500,25.85568415
13.22000,25.86558170
13.22500,25.87548048
13.23000,25.88538080
13.23500,25.89528256
13.24000,25.90518580
13.24500,25.91509040
13.25000,25.92499651
13.25500,25.93490391
13.26000,25.94481241
13.26500,25.95472193
13.27000,25.96463256
13.27500,25.97454424
13.28000,25.98445672
13.28500,25.99437004
13.29000,26.00428414
13.29500,26.01419894
13.30000,26.02411403
13.30500,26.03402937
13.31000,26.04394478
13.31500,26.05386010
13.32000,26.06377493
13.32500,26.07368936
13.33000,26.08360318
13.33500,26.09351664
13.34000,26.10342938
13.34500,26.11334164
13.35000,26.12325328
13.35500,26.13316469
13.36000,26.14307576
13.36500,26.15298676
13.37000,26.16289777
13.37500,26.17280881
13.38000,26.18271978
13.38500,26.19263067
13.39000,26.20254179
13.39500,26.21245329
13.40000,26.22236552
13.40500,26.23227873
13.41000,26.24219314
13.41500,26.25210887
13.42000,26.26202608
13.42500,26.27194475
13.43000,26.28186479
13.43500,26.29178609
13.44000,26.30170858
13.44500,26.31163221
13.45000,26.32155695
13.45500,26.33148264
13.46000,26.34140922
13.46500,26.35133657
13.47000,26.36126464
13.47500,26.37119330
13.48000,26.38112264
13.48500,26.39105256
13.49000,26.40098320
13.49500,26.41091441
13.50000,26.42084614
13.50500,26.43077807
13.51000,26.44070993
13.51500,26.45064150
13.52000,26.46057260
13.52500,26.47050293
13.53000,26.48043242
13.53500,26.49036093
13.54000,26.50028837
13.54500,26.51021460
13.55000,26.52013972
13.55500,26.53006388
13.56000,26.53998711
13.56500,26.54990948
13.57000,26.55983106
13.57500,26.56975206
13.58000,26.57967254
13.58500,26.58959254
13.59000,26.59951233
13.59500,26.60943209
13.60000,26.61935215
13.60500,26.62927238
13.61000,26.63919317
13.61500,26.64911455
13.62000,26.65903685
13.62500,26.66895984
13.63000,26.67888377
13.63500,26.68880867
13.64000,26.69873468
13.64500,26.70866150
13.65000,26.71858910
13.65500,26.72851733
13.66000,26.73844597
13.66500,26.74837466
13.67000,26.75830290
13.67500,26.76823075
13.68000,26.77815794
13.68500,26.78808453
13.69000,26.79801016
13.69500,26.80793491
13.70000,26.81785850
13.70500,26.82778090
13.71000,26.83770193
13.71500,26.84762180
13.72000,26.85754075
13.72500,26.86745888
13.73000,26.87737621
13.73500,26.88729296
13.74000,26.89720944
13.74500,26.90712569
13.75000,26.91704175
13.75500,26.92695782
13.76000,26.93687397
13.76500,26.94679033
13.77000,26.95670657
13.77500,26.96662308
13.78000,26.97653998
13.78500,26.98645768
13.79000,26.99637584
13.79500,27.00629480
13.80000,27.01621456
13.80500,27.02613558
13.81000,27.03605745
13.81500,27.04598036
13.82000,27.05590402
13.82500,27.06582855
13.83000,27.07575330
13.83500,27.08567828
13.84000,27.09560331
13.84500,27.10552861
13.85000,27.11545393
13.85500,27.12537935
13.86000,27.13530494
13.86500,27.14523095
13.87000,27.15515693
13.87500,27.16508281
13.88000,27.17500853
13.88500,27.18493425
13.89000,27.19485972
13.89500,27.20478474
13.90000,27.21470920
13.90500,27.22463325
13.91000,27.23455682
13.91500,27.24447992
13.92000,27.25440260
13.92500,27.26432506
13.93000,27.27424725
13.93500,27.28416913
13.94000,27.29409083
13.94500,27.30401270
13.95000,27.31393491
13.95500,27.32385752
13.96000,27.33378064
13.96500,27.34370453
13.97000,27.35362915
13.97500,27.36355442
13.98000,27.37348026
13.98500,27.38340690
13.99000,27.39333444
13.99500,27.40326274
14.00000,27.41319170
14.00500,27.42312132
14.01000,27.43305161
14.01500,27.44298226
14.02000,27.45291308
14.02500,27.46284394
14.03000,27.47277464
14.03500,27.48270478
14.04000,27.49263391
14.04500,27.50256175
14.05000,27.51248804
14.05500,27.52241246
14.06000,27.53233484
14.06500,27.54225517
14.07000,27.55217355
14.07500,27.56208997
14.08000,27.57200440
14.08500,27.58191708
14.09000,27.59182825
14.09500,27.60173817
14.10000,27.61164700
14.10500,27.62155521
14.11000,27.63146322
14.11500,27.64137140
14.12000,27.65127969
14.12500,27.66118838
14.13000,27.67109758
14.13500,27.68100746
14.14000,27.69091778
14.14500,27.70082891
14.15000,27.71074103
14.15500,27.72065431
14.16000,27.73056844
14.16500,27.74048352
14.17000,27.75039967
14.17500,27.76031691
14.18000,27.77023505
14.18500,27.78015423
14.19000,27.79007456
14.19500,27.79999582
14.20000,27.80991761
14.20500,27.81983973
14.21000,27.82976240
14.21500,27.83968530
14.22000,27.84960815
14.22500,27.85953063
14.23000,27.86945302
14.23500,27.87937520
14.24000,27.88929705
14.24500,27.89921853
14.25000,27.90913988
14.25500,27.91906107
14.26000,27.92898220
14.26500,27.93890341
14.27000,27.94882545
14.27500,27.95874861
14.28000,27.96867330
14.28500,27.97859939
14.29000,27.98852748
14.29500,27.99845733
14.30000,28.00838897
14.30500,28.01832223
14.31000,28.02825741
14.31500,28.03819446
14.32000,28.04813305
14.32500,28.05807308
14.33000,28.06801435
14.33500,28.07795654
14.34000,28.08789921
14.34500,28.09784202
14.35000,28.10778487
14.35500,28.11772756
14.36000,28.12767011
14.36500,28.13761212
14.37000,28.14755362
14.37500,28.15749436
14.38000,28.16743454
14.38500,28.17737400
14.39000,28.18731308
14.39500,28.19725179
14.40000,28.20719049
14.40500,28.21712931
14.41000,28.22706850
14.41500,28.23700828
14.42000,28.24694885
14.42500,28.25689045
14.43000,28.26683306
14.43500,28.27677683
14.44000,28.28672169
14.44500,28.29666762
14.45000,28.30661443
14.45500,28.31656202
14.46000,28.32651039
14.46500,28.33645952
14.47000,28.34640938
14.47500,28.35636001
14.48000,28.36631169
14.48500,28.37626439
14.49000,28.38621805
14.49500,28.39617242
14.50000,28.40612745
14.50500,28.41608302
14.51000,28.42603905
14.51500,28.43599536
14.52000,28.44595175
14.52500,28.45590826
14.53000,28.46586496
14.53500,28.47582179
14.54000,28.48577877
14.54500,28.49573598
14.55000,28.50569370
14.55500,28.51565193
14.56000,28.52561087
14.56500,28.53557053
14.57000,28.54553116
14.57500,28.55549279
14.58000,28.56545558
14.58500,28.57541957
14.59000,28.58538484
14.59500,28.59535131
14.60000,28.60531914
14.60500,28.61528839
14.61000,28.62525925
14.61500,28.63523146
14.62000,28.64520522
14.62500,28.65518028
14.63000,28.66515680
14.63500,28.67513427
14.64000,28.68511289
14.64500,28.69509228
14.65000,28.70507262
14.65500,28.71505348
14.66000,28.72503488
14.66500,28.73501651
14.67000,28.74499835
14.67500,28.75498013
14.68000,28.76496184
14.68500,28.77494358
14.69000,28.78492529
14.69500,28.79490679
14.70000,28.80488802
14.70500,28.81486915
14.71000,28.82485017
14.71500,28.83483103
14.72000,28.84481182
14.72500,28.85479273
14.73000,28.86477395
14.73500,28.87475525
14.74000,28.88473692
14.74500,28.89471908
14.75000,28.90470197
14.75500,28.91468540
14.76000,28.92466949
14.76500,28.93465433
14.77000,28.94464013
14.77500,28.95462688
14.78000,28.96461468
14.78500,28.97460362
14.79000,28.98459388
14.79500,28.99458515
14.80000,29.00457731
14.80500,29.01457030
14.81000,29.02456401
14.81500,29.03455816
14.82000,29.04455260
14.82500,29.05454733
14.83000,29.06454220
14.83500,29.07453676
14.84000,29.08453083
14.84500,29.09452418
14.85000,29.10451669
14.85500,29.11450822
14.86000,29.12449881
14.86500,29.13448868
14.87000,29.14447792
14.87500,29.15446656
14.88000,29.16445478
14.88500,29.17444275
14.89000,29.18443047
14.89500,29.19441797
14.90000,29.20440542
14.90500,29.21439298
14.91000,29.22438089
14.91500,29.23436924
14.92000,29.24435816
14.92500,29.25434756
14.93000,29.26433744
14.93500,29.27432761
14.94000,29.28431805
14.94500,29.29430854
14.95000,29.30429900
14.95500,29.31428921
14.96000,29.32427899
14.96500,29.33426831
14.97000,29.34425698
14.97500,29.35424519
14.98000,29.36423281
14.98500,29.37422012
14.99000,29.38420692
14.99500,29.39419342
15.00000,29.40417974
15.00500,29.41416635
15.01000,29.42415317
15.01500,29.43414046
15.02000,29.44412851
15.02500,29.45411779
15.03000,29.46410821
15.03500,29.47409952
15.04000,29.48409183
15.04500,29.49408524
15.05000,29.50407980
15.05500,29.51407503
15.06000,29.52407083
15.06500,29.53406723
15.07000,29.54406415
15.07500,29.55406086
15.08000,29.56405690
15.08500,29.57405204
15.09000,29.58404611
15.09500,29.59403869
15.10000,29.60402979
15.10500,29.61401957
15.11000,29.62400825
15.11500,29.63399556
15.12000,29.64398148
15.12500,29.65396579
15.13000,29.66394854
15.13500,29.67392950
15.14000,29.68390894
15.14500,29.69388713
15.15000,29.70386447
15.15500,29.71384090
15.16000,29.72381637
15.16500,29.73379106
15.17000,29.74376519
15.17500,29.75373860
15.18000,29.76371113
15.18500,29.77368262
15.19000,29.78365314
15.19500,29.79362240
15.20000,29.80359016
15.20500,29.81355606
15.21000,29.82352022
15.21500,29.83348217
15.22000,29.84344178
15.22500,29.85339880
15.23000,29.86335345
15.23500,29.87330551
15.24000,29.88325496
15.24500,29.89320204
15.25000,29.90314688
15.25500,29.91308980
15.26000,29.92303113
15.26500,29.93297154
15.27000,29.94291148
15.27500,29.95285133
15.28000,29.96279128
15.28500,29.97273159
15.29000,29.98267263
15.29500,29.99261456
15.30000,30.00255777
15.30500,30.01250245
15.31000,30.02244897
15.31500,30.03239722
15.32000,30.04234710
15.32500,30.05229840
15.33000,30.06225126
15.33500,30.07220566
15.34000,30.08216156
15.34500,30.09211871
15.35000,30.10207708
15.35500,30.11203676
15.36000,30.12199759
15.36500,30.13195962
15.37000,30.14192273
15.37500,30.15188714
15.38000,30.16185266
15.38500,30.17181951
15.39000,30.18178766
15.39500,30.19175748
15.40000,30.20172894
15.40500,30.21170235
15.41000,30.22167767
15.41500,30.23165522
15.42000,30.24163499
15.42500,30.25161714
15.43000,30.26160180
15.43500,30.27158914
15.44000,30.28157915
15.44500,30.29157175
15.45000,30.30156719
15.45500,30.31156556
15.46000,30.32156684
15.46500,30.33157086
15.47000,30.34157789
15.47500,30.35158810
15.48000,30.36160138
15.48500,30.37161743
15.49000,30.38163642
15.49500,30.39165854
15.50000,30.40168373
15.50500,30.41171199
15.51000,30.42174319
15.51500,30.43177745
15.52000,30.44181431
15.52500,30.45185378
15.53000,30.46189546
15.53500,30.47193936
15.54000,30.48198499
15.54500,30.49203228
15.55000,30.50208106
15.55500,30.51213135
15.56000,30.52218293
15.56500,30.53223559
15.57000,30.54228942
15.57500,30.55234428
15.58000,30.56239998
15.58500,30.57245622
15.59000,30.58251294
15.59500,30.59257020
15.60000,30.60262786
15.60500,30.61268566
15.61000,30.62274339
15.61500,30.63280126
15.62000,30.64285892
15.62500,30.65291607
15.63000,30.66297260
15.63500,30.67302893
15.64000,30.68308499
15.64500,30.69314063
15.65000,30.70319587
15.65500,30.71325106
15.66000,30.72330608
15.66500,30.73336057
15.67000,30.74341436
15.67500,30.75346775
15.68000,30.76352080
15.68500,30.77357350
15.69000,30.78362575
15.69500,30.79367801
15.70000,30.80373024
15.70500,30.81378230
15.71000,30.82383378
15.71500,30.83388485
15.72000,30.84393543
15.72500,30.85398558
15.73000,30.86403497
15.73500,30.87408386
15.74000,30.88413224
15.74500,30.89418014
15.75000,30.90422706
15.75500,30.91427302
15.76000,30.92431745
15.76500,30.93436018
15.77000,30.94440060
15.77500,30.95443872
15.78000,30.96447436
15.78500,30.97450749
15.79000,30.98453767
15.79500,30.99456504
15.80000,31.00458957
15.80500,31.01461132
15.81000,31.02463000
15.81500,31.03464572
15.82000,31.04465856
15.82500,31.05466898
15.83000,31.06467701
15.83500,31.07468281
15.84000,31.08468637
15.84500,31.09468792
15.85000,31.10468725
15.85500,31.11468443
15.86000,31.12467949
15.86500,31.13467260
15.87000,31.14466379
15.87500,31.15465332
15.88000,31.16464148
15.88500,31.17462859
15.89000,31.18461473
15.89500,31.19459981
15.90000,31.20458375
15.90500,31.21456657
15.91000,31.22454846
15.91500,31.23452939
15.92000,31.24450943
15.92500,31.25448866
15.93000,31.26446740
15.93500,31.27444566
15.94000,31.28442345
15.94500,31.29440067
15.95000,31.30437767
15.95500,31.31435443
15.96000,31.32433096
15.96500,31.33430699
15.97000,31.34428271
15.97500,31.35425792
15.98000,31.36423245
15.98500,31.37420618
15.99000,31.38417939
15.99500,31.39415199
16.00000,31.40412362
16.00500,31.41409410
16.01000,31.42406369
16.01500,31.43403219
16.02000,31.44399927
16.02500,31.45396493
16.03000,31.46392931
16.03500,31.47389238
16.04000,31.48385382
16.04500,31.49381381
16.05000,31.50377244
16.05500,31.51372999
16.06000,31.52368591
16.06500,31.53364032
16.07000,31.54359317
16.07500,31.55354442
16.08000,31.56349375
16.08500,31.57344110
16.09000,31.58338664
16.09500,31.59333024
16.10000,31.60327192
16.10500,31.61321146
16.11000,31.62314908
16.11500,31.63308473
16.12000,31.64301819
16.12500,31.65294949
16.13000,31.66287856
16.13500,31.67280554
16.14000,31.68273044
16.14500,31.69265358
16.15000,31.70257521
16.15500,31.71249569
16.16000,31.72241520
16.16500,31.73233394
16.17000,31.74225217
16.17500,31.75216996
16.18000,31.76208769
16.18500,31.77200551
16.19000,31.78192385
16.19500,31.79184242
16.20000,31.80176148
16.20500,31.81168081
16.21000,31.82160050
16.21500,31.83152016
16.22000,31.84143962
16.22500,31.85135885
16.23000,31.86127786
16.23500,31.87119651
16.24000,31.88111436
16.24500,31.89103134
16.25000,31.90094714
16.25500,31.91086161
16.26000,31.92077420
16.26500,31.93068480
16.27000,31.94059347
16.27500,31.95050054
16.28000,31.96040595
16.28500,31.97030995
16.29000,31.98021273
16.29500,31.99011475
16.30000,32.00001581
16.30500,32.00991624
16.31000,32.01981634
16.31500,32.02971644
16.32000,32.03961654
16.32500,32.04951680
16.33000,32.05941736
16.33500,32.06931856
16.34000,32.07922040
16.34500,32.08912326
16.35000,32.09902731
16.35500,32.10893298
16.36000,32.11884031
16.36500,32.12874920
16.37000,32.13865972
16.37500,32.14857183
16.38000,32.15848536
16.38500,32.16840012
16.39000,32.17831621
16.39500,32.18823367
16.40000,32.19815238
16.40500,32.20807208
16.41000,32.21799295
16.41500,32.22791502
16.42000,32.23783806
16.42500,32.24776161
16.43000,32.25768566
16.43500,32.26761029
16.44000,32.27753557
16.44500,32.28746110
16.45000,32.29738692
16.45500,32.30731299
16.46000,32.31723916
16.46500,32.32716507
16.47000,32.33709055
16.47500,32.34701552
16.48000,32.35693968
16.48500,32.36686283
16.49000,32.37678470
16.49500,32.38670560
16.50000,32.39662516
16.50500,32.40654344
16.51000,32.41646015
16.51500,32.42637586
16.52000,32.43629028
16.52500,32.44620373
16.53000,32.45611611
16.53500,32.46602767
16.54000,32.47593818
16.54500,32.48584782
16.55000,32.49575679
16.55500,32.50566547
16.56000,32.51557380
16.56500,32.52548205
16.57000,32.53539025
16.57500,32.54529863
16.58000,32.55520705
16.58500,32.56511561
16.59000,32.57502426
16.59500,32.58493301
16.60000,32.59484176
16.60500,32.60475033
16.61000,32.61465893
16.61500,32.62456743
16.62000,32.63447590
16.62500,32.64438441
16.63000,32.65429289
16.63500,32.66420146
16.64000,32.67410995
16.64500,32.68401867
16.65000,32.69392759
16.65500,32.70383691
16.66000,32.71374635
16.66500,32.72365578
16.67000,32.73356511
16.67500,32.74347416
16.68000,32.75338294
16.68500,32.76329123
16.69000,32.77319934
16.69500,32.78310702
16.70000,32.79301440
16.70500,32.80292120
16.71000,32.81282754
16.71500,32.82273290
16.72000,32.83263717
16.72500,32.84253991
16.73000,32.85244104
16.73500,32.86234011
16.74000,32.87223705
16.74500,32.88213131
16.75000,32.89202301
16.75500,32.90191155
16.76000,32.91179716
16.76500,32.92167948
16.77000,32.93155887
16.77500,32.94143515
16.78000,32.95130887
16.78500,32.96118036
16.79000,32.97104991
16.79500,32.98091757
16.80000,32.99078370
16.80500,33.00064864
16.81000,33.01051251
16.81500,33.02037564
16.82000,33.03023826
16.82500,33.04010104
16.83000,33.04996405
16.83500,33.05982742
16.84000,33.06969124
16.84500,33.07955572
16.85000,33.08942069
16.85500,33.09928590
16.86000,33.10915129
16.86500,33.11901678
16.87000,33.12888208
16.87500,33.13874723
16.88000,33.14861208
16.88500,33.15847674
16.89000,33.16834070
16.89500,33.17820390
16.90000,33.18806616
16.90500,33.19792772
16.91000,33.20778803
16.91500,33.21764723
16.92000,33.22750539
16.92500,33.23736274
16.93000,33.24721897
16.93500,33.25707451
16.94000,33.26692977
16.94500,33.27678542
16.95000,33.28664143
16.95500,33.29649822
16.96000,33.30635611
16.96500,33.31621557
16.97000,33.32607659
16.97500,33.33593930
16.98000,33.34580393
16.98500,33.35567080
16.99000,33.36553981
16.99500,33.37541086
17.00000,33.38528425
17.00500,33.39516018
17.01000,33.40503877
17.01500,33.41491966
17.02000,33.42480293
17.02500,33.43468810
17.03000,33.44457490
17.03500,33.45446276
17.04000,33.46435144
17.04500,33.47424059
17.05000,33.48412997
17.05500,33.49401936
17.06000,33.50390836
17.06500,33.51379691
17.07000,33.52368474
17.07500,33.53357175
17.08000,33.54345770
17.08500,33.55334279
17.09000,33.56322701
17.09500,33.57311061
17.10000,33.58299374
17.10500,33.59287658
17.11000,33.60275936
17.11500,33.61264233
17.12000,33.62252564
17.12500,33.63240925
17.13000,33.64229328
17.13500,33.65217777
17.14000,33.66206268
17.14500,33.67194777
17.15000,33.68183275
17.15500,33.69171762
17.16000,33.70160218
17.16500,33.71148636
17.17000,33.72136992
17.17500,33.73125310
17.18000,33.74113577
17.18500,33.75101801
17.19000,33.76089961
17.19500,33.77078063
17.20000,33.78066118
17.20500,33.79054126
17.21000,33.80042076
17.21500,33.81029963
17.22000,33.82017803
17.22500,33.83005590
17.23000,33.83993300
17.23500,33.84980934
17.24000,33.85968521
17.24500,33.86956055
17.25000,33.87943506
17.25500,33.88930848
17.26000,33.89918100
17.26500,33.90905265
17.27000,33.91892302
17.27500,33.92879197
17.28000,33.93865964
17.28500,33.94852619
17.29000,33.95839130
17.29500,33.96825487
17.30000,33.97811704
17.30500,33.98797799
17.31000,33.99783762
17.31500,34.00769584
17.32000,34.01755277
17.32500,34.02740868
17.33000,34.03726376
17.33500,34.04711817
17.34000,34.05697207
17.34500,34.06682587
17.35000,34.07667982
17.35500,34.08653406
17.36000,34.09638854
17.36500,34.10624354
17.37000,34.11609914
17.37500,34.12595518
17.38000,34.13581163
17.38500,34.14566834
17.39000,34.15552546
17.39500,34.16538260
17.40000,34.17523999
17.40500,34.18509741
17.41000,34.19495514
17.41500,34.20481267
17.42000,34.21466993
17.42500,34.22452630
17.43000,34.23438196
17.43500,34.24423652
17.44000,34.25408999
17.44500,34.26394196
17.45000,34.27379257
17.45500,34.28364126
17.46000,34.29348814
17.46500,34.30333306
17.47000,34.31317628
17.47500,34.32301749
17.48000,34.33285685
17.48500,34.34269435
17.49000,34.35253020
17.49500,34.36236433
17.50000,34.37219692
17.50500,34.38202822
17.51000,34.39185846
17.51500,34.40168757
17.52000,34.41151572
17.52500,34.42134319
17.53000,34.43117020
17.53500,34.44099688
17.54000,34.45082347
17.54500,34.46065074
17.55000,34.47047896
17.55500,34.48030830
17.56000,34.49013885
17.56500,34.49997105
17.57000,34.50980511
17.57500,34.51964084
17.58000,34.52947826
17.58500,34.53931740
17.59000,34.54915837
17.59500,34.55900088
17.60000,34.56884497
17.60500,34.57869076
17.61000,34.58853837
17.61500,34.59838771
17.62000,34.60823849
17.62500,34.61809067
17.63000,34.62794383
17.63500,34.63779801
17.64000,34.64765269
17.64500,34.65750806
17.65000,34.66736362
17.65500,34.67721962
17.66000,34.68707590
17.66500,34.69693297
17.67000,34.70679054
17.67500,34.71664858
17.68000,34.72650699
17.68500,34.73636579
17.69000,34.74622501
17.69500,34.75608464
17.70000,34.76594512
17.70500,34.77580649
17.71000,34.78566923
17.71500,34.79553311
17.72000,34.80539836
17.72500,34.81526470
17.73000,34.82513207
17.73500,34.83499980
17.74000,34.84486799
17.74500,34.85473635
17.75000,34.86460471
17.75500,34.87447260
17.76000,34.88434022
17.76500,34.89420745
17.77000,34.90407406
17.77500,34.91393959
17.78000,34.92380407
17.78500,34.93366742
17.79000,34.94352928
17.79500,34.95338942
17.80000,34.96324777
17.80500,34.97310456
17.81000,34.98295946
17.81500,34.99281261
17.82000,35.00266395
17.82500,35.01251411
17.83000,35.02236262
17.83500,35.03220971
17.84000,35.04205553
17.84500,35.05190066
17.85000,35.06174492
17.85500,35.07158809
17.86000,35.08143035
17.86500,35.09127191
17.87000,35.10111303
17.87500,35.11095385
17.88000,35.12079492
17.88500,35.13063690
17.89000,35.14047982
17.89500,35.15032355
17.90000,35.16016821
17.90500,35.17001438
17.91000,35.17986184
17.91500,35.18971014
17.92000,35.19955912
17.92500,35.20940907
17.93000,35.21925957
17.93500,35.22911023
17.94000,35.23896068
17.94500,35.24881102
17.95000,35.25866094
17.95500,35.26851006
17.96000,35.27835828
17.96500,35.28820589
17.97000,35.29805275
17.97500,35.30789871
17.98000,35.31774345
17.98500,35.32758731
17.99000,35.33742997
17.99500,35.34727133
18.00000,35.35711118
18.00500,35.36694999
18.01000,35.37678792
18.01500,35.38662481
18.02000,35.39646071
18.02500,35.40629578
18.03000,35.41613072
18.03500,35.42596550
18.04000,35.43580057
18.04500,35.44563602
18.05000,35.45547219
18.05500,35.46530888
18.06000,35.47514608
18.06500,35.48498385
18.07000,35.49482237
18.07500,35.50466149
18.08000,35.51450132
18.08500,35.52434200
18.09000,35.53418390
18.09500,35.54402667
18.10000,35.55387041
18.10500,35.56371491
18.11000,35.57356054
18.11500,35.58340682
18.12000,35.59325357
18.12500,35.60310043
18.13000,35.61294766
18.13500,35.62279503
18.14000,35.63264268
18.14500,35.64249060
18.15000,35.65233900
18.15500,35.66218772
18.16000,35.67203655
18.16500,35.68188545
18.17000,35.69173434
18.17500,35.70158341
18.18000,35.71143230
18.18500,35.72128093
18.19000,35.73112905
18.19500,35.74097636
18.20000,35.75082238
18.20500,35.76066686
18.21000,35.77050959
18.21500,35.78035020
18.22000,35.79018844
18.22500,35.80002389
18.23000,35.80985672
18.23500,35.81968641
18.24000,35.82951312
18.24500,35.83933662
18.25000,35.84915745
18.25500,35.85897558
18.26000,35.86879134
18.26500,35.87860494
18.27000,35.88841683
18.27500,35.89822728
18.28000,35.90803649
18.28500,35.91784463
18.29000,35.92765188
18.29500,35.93745838
18.30000,35.94726416
18.30500,35.95706916
18.31000,35.96687367
18.31500,35.97667775
18.32000,35.98648171
18.32500,35.99628540
18.33000,36.00608909
18.33500,36.01589305
18.34000,36.02569745
18.34500,36.03550237
18.35000,36.04530776
18.35500,36.05511408
18.36000,36.06492113
18.36500,36.07472909
18.37000,36.08453760
18.37500,36.09434703
18.38000,36.10415685
18.38500,36.11396702
18.39000,36.12377682
18.39500,36.13358655
18.40000,36.14339595
18.40500,36.15320511
18.41000,36.16301374
18.41500,36.17282208
18.42000,36.18263012
18.42500,36.19243773
18.43000,36.20224486
18.43500,36.21205153
18.44000,36.22185785
18.44500,36.23166376
18.45000,36.24146930
18.45500,36.25127435
18.46000,36.26107873
18.46500,36.27088222
18.47000,36.28068471
18.47500,36.29048609
18.48000,36.30028643
18.48500,36.31008556
18.49000,36.31988358
18.49500,36.32968028
18.50000,36.33947597
18.50500,36.34927065
18.51000,36.35906450
18.51500,36.36885723
18.52000,36.37864936
18.52500,36.38844104
18.53000,36.39823283
18.53500,36.40802450
18.54000,36.41781635
18.54500,36.42760844
18.55000,36.43740096
18.55500,36.44719381
18.56000,36.45698711
18.56500,36.46678114
18.57000,36.47657598
18.57500,36.48637147
18.58000,36.49616754
18.58500,36.50596435
18.59000,36.51576186
18.59500,36.52555982
18.60000,36.53535820
18.60500,36.54515700
18.61000,36.55495636
18.61500,36.56475612
18.62000,36.57455613
18.62500,36.58435632
18.63000,36.59415689
18.63500,36.60395775
18.64000,36.61375865
18.64500,36.62355974
18.65000,36.63336107
18.65500,36.64316274
18.66000,36.65296448
18.66500,36.66276680
18.67000,36.67256937
18.67500,36.68237256
18.68000,36.69217592
18.68500,36.70198000
18.69000,36.71178444
18.69500,36.72158959
18.70000,36.73139521
18.70500,36.74120163
18.71000,36.75100878
18.71500,36.76081672
18.72000,36.77062518
18.72500,36.78043429
18.73000,36.79024403
18.73500,36.80005430
18.74000,36.80986481
18.74500,36.81967559
18.75000,36.82948666
18.75500,36.83929794
18.76000,36.84910937
18.76500,36.85892096
18.77000,36.86873277
18.77500,36.87854485
18.78000,36.88835736
18.78500,36.89817027
18.79000,36.90798342
18.79500,36.91779683
18.80000,36.92761060
18.80500,36.93742459
18.81000,36.94723859
18.81500,36.95705238
18.82000,36.96686574
18.82500,36.97667858
18.83000,36.98649072
18.83500,36.99630222
18.84000,37.00611305
18.84500,37.01592374
18.85000,37.02573418
18.85500,37.03554474
18.86000,37.04535522
18.86500,37.05516604
18.87000,37.06497707
18.87500,37.07478843
18.88000,37.08460002
18.88500,37.09441185
18.89000,37.10422389
18.89500,37.11403604
18.90000,37.12384827
18.90500,37.13366052
18.91000,37.14347304
18.91500,37.15328575
18.92000,37.16309891
18.92500,37.17291237
18.93000,37.18272636
18.93500,37.19254077
18.94000,37.20235573
18.94500,37.21217144
18.95000,37.22198826
18.95500,37.23180638
18.96000,37.24162580
18.96500,37.25144654
18.97000,37.26126866
18.97500,37.27109209
18.98000,37.28091654
18.98500,37.29074169
18.99000,37.30056753
18.99500,37.31039388
19.00000,37.32022063
19.00500,37.33004777
19.01000,37.33987541
19.01500,37.34970313
19.02000,37.35953052
19.02500,37.36935721
19.03000,37.37918326
19.03500,37.38900846
19.04000,37.39883251
19.04500,37.40865558
19.05000,37.41847790
19.05500,37.42829981
19.06000,37.43812134
19.06500,37.44794261
19.07000,37.45776393
19.07500,37.46758547
19.08000,37.47740729
19.08500,37.48722950
19.09000,37.49705242
19.09500,37.50687634
19.10000,37.51670126
19.10500,37.52652737
19.11000,37.53635499
19.11500,37.54618419
19.12000,37.55601489
19.12500,37.56584723
19.13000,37.57568158
19.13500,37.58551828
19.14000,37.59535735
19.14500,37.60519895
19.15000,37.61504328
19.15500,37.62489038
19.16000,37.63473987
19.16500,37.64459169
19.17000,37.65444595
19.17500,37.66430262
19.18000,37.67416123
19.18500,37.68402151
19.19000,37.69388340
19.19500,37.70374673
19.20000,37.71361131
19.20500,37.72347690
19.21000,37.73334333
19.21500,37.74321061
19.22000,37.75307843
19.22500,37.76294667
19.23000,37.77281486
19.23500,37.78268296
19.24000,37.79255069
19.24500,37.80241792
19.25000,37.81228429
19.25500,37.82214973
19.26000,37.83201412
19.26500,37.84187729
19.27000,37.85173946
19.27500,37.86160075
19.28000,37.87146171
19.28500,37.88132258
19.29000,37.89118372
19.29500,37.90104521
19.30000,37.91090732
19.30500,37.92077041
19.31000,37.93063430
19.31500,37.94049900
19.32000,37.95036441
19.32500,37.96023109
19.33000,37.97009892
19.33500,37.97996774
19.34000,37.98983746
19.34500,37.99970823
19.35000,38.00957992
19.35500,38.01945221
19.36000,38.02932510
19.36500,38.03919861
19.37000,38.04907254
19.37500,38.05894643
19.38000,38.06882020
19.38500,38.07869381
19.39000,38.08856725
19.39500,38.09844034
19.40000,38.10831329
19.40500,38.11818643
19.41000,38.12806000
19.41500,38.13793362
19.42000,38.14780721
19.42500,38.15768070
19.43000,38.16755426
19.43500,38.17742765
19.44000,38.18730115
19.44500,38.19717515
19.45000,38.20704968
19.45500,38.21692464
19.46000,38.22679998
19.46500,38.23667586
19.47000,38.24655218
19.47500,38.25642859
19.48000,38.26630502
19.48500,38.27618171
19.49000,38.28605891
19.49500,38.29593647
19.50000,38.30581437
19.50500,38.31569260
19.51000,38.32557105
19.51500,38.33544919
19.52000,38.34532716
19.52500,38.35520486
19.53000,38.36508258
19.53500,38.37496008
19.54000,38.38483756
19.54500,38.39471503
19.55000,38.40459268
19.55500,38.41447017
19.56000,38.42434766
19.56500,38.43422496
19.57000,38.44410239
19.57500,38.45397942
19.58000,38.46385612
19.58500,38.47373259
19.59000,38.48360949
19.59500,38.49348677
19.60000,38.50336454
19.60500,38.51324277
19.61000,38.52312123
19.61500,38.53299990
19.62000,38.54287846
19.62500,38.55275704
19.63000,38.56263532
19.63500,38.57251346
19.64000,38.58239111
19.64500,38.59226840
19.65000,38.60214506
19.65500,38.61202143
19.66000,38.62189731
19.66500,38.63177277
19.67000,38.64164785
19.67500,38.65152280
19.68000,38.66139766
19.68500,38.67127238
19.69000,38.68114690
19.69500,38.69102163
19.70000,38.70089648
19.70500,38.71077163
19.71000,38.72064651
19.71500,38.73052152
19.72000,38.74039633
19.72500,38.75027121
19.73000,38.76014567
19.73500,38.77002026
19.74000,38.77989499
19.74500,38.78977011
19.75000,38.79964536
19.75500,38.80952121
19.76000,38.81939801
19.76500,38.82927596
19.77000,38.83915499
19.77500,38.84903523
19.78000,38.85891699
19.78500,38.86880012
19.79000,38.87868440
19.79500,38.88856927
19.80000,38.89845489
19.80500,38.90834119
19.81000,38.91822824
19.81500,38.92811564
19.82000,38.93800338
19.82500,38.94789148
19.83000,38.95777951
19.83500,38.96766721
19.84000,38.97755433
19.84500,38.98744113
19.85000,38.99732723
19.85500,39.00721306
19.86000,39.01709872
19.86500,39.02698489
19.87000,39.03687145
19.87500,39.04675868
19.88000,39.05664657
19.88500,39.06653548
19.89000,39.07642548
19.89500,39.08631640
19.90000,39.09620838
19.90500,39.10610157
19.91000,39.11599609
19.91500,39.12589155
19.92000,39.13578819
19.92500,39.14568597
19.93000,39.15558502
19.93500,39.16548514
19.94000,39.17538664
19.94500,39.18528960
19.95000,39.19519401
19.95500,39.20509972
19.96000,39.21500668
19.96500,39.22491525
19.97000,39.23482533
19.97500,39.24473668
19.98000,39.25464892
19.98500,39.26456222
19.99000,39.27447633
19.99500,39.28439137
20.00000,39.29430710
20.00500,39.30422410
20.01000,39.31414221
20.01500,39.32406164
20.02000,39.33398207
20.02500,39.34390390
20.03000,39.35382704
20.03500,39.36375168
20.04000,39.37367770
20.04500,39.38360526
20.05000,39.39353424
20.05500,39.40346483
20.06000,39.41339711
20.06500,39.42333116
20.07000,39.43326678
20.07500,39.44320358
20.08000,39.45314161
20.08500,39.46308057
20.09000,39.47302050
20.09500,39.48296106
20.10000,39.49290272
20.10500,39.50284568
20.11000,39.51279056
20.11500,39.52273720
20.12000,39.53268582
20.12500,39.54263635
20.13000,39.55258933
20.13500,39.56254458
20.14000,39.57250213
20.14500,39.58246170
20.15000,39.59242357
20.15500,39.60238722
20.16000,39.61235262
20.16500,39.62231933
20.17000,39.63228758
20.17500,39.64225690
20.18000,39.65222732
20.18500,39.66219850
20.19000,39.67217029
20.19500,39.68214239
20.20000,39.69211459
20.20500,39.70208652
20.21000,39.71205783
20.21500,39.72202869
20.22000,39.73199913
20.22500,39.74196911
20.23000,39.75193863
20.23500,39.76190776
20.24000,39.77187645
20.24500,39.78184469
20.25000,39.79181252
20.25500,39.80177965
20.26000,39.81174618
20.26500,39.82171172
20.27000,39.83167624
20.27500,39.84163925
20.28000,39.85160076
20.28500,39.86156045
20.29000,39.87151835
20.29500,39.88147438
20.30000,39.89142856
20.30500,39.90138122
20.31000,39.91133261
20.31500,39.92128276
20.32000,39.93123168
20.32500,39.94117939
20.33000,39.95112623
20.33500,39.96107212
20.34000,39.97101703
20.34500,39.98096095
20.35000,39.99090401
20.35500,40.00084637
20.36000,40.01078830
20.36500,40.02072993
20.37000,40.03067126
20.37500,40.04061249
20.38000,40.05055354
20.38500,40.06049463
20.39000,40.07043523
20.39500,40.08037556
20.40000,40.09031511
20.40500,40.10025418
20.41000,40.11019222
20.41500,40.12012938
20.42000,40.13006539
20.42500,40.14000034
20.43000,40.14993438
20.43500,40.15986763
20.44000,40.16980042
20.44500,40.17973267
20.45000,40.18966452
20.45500,40.19959586
20.46000,40.20952695
20.46500,40.21945783
20.47000,40.22938846
20.47500,40.23931907
20.48000,40.24924965
20.48500,40.25918041
20.49000,40.26911104
20.49500,40.27904175
20.50000,40.28897224
20.50500,40.29890260
20.51000,40.30883239
20.51500,40.31876161
20.52000,40.32869014
20.52500,40.33861791
20.53000,40.34854468
20.53500,40.35847037
20.54000,40.36839529
20.54500,40.37831930
20.55000,40.38824232
20.55500,40.39816425
20.56000,40.40808547
20.56500,40.41800602
20.57000,40.42792604
20.57500,40.43784567
20.58000,40.44776520
20.58500,40.45768493
20.59000,40.46760482
20.59500,40.47752507
20.60000,40.48744601
20.60500,40.49736769
20.61000,40.50729007
20.61500,40.51721305
20.62000,40.52713678
20.62500,40.53706115
20.63000,40.54698627
20.63500,40.55691214
20.64000,40.56683895
20.64500,40.57676656
20.65000,40.58669479
20.65500,40.59662341
20.66000,40.60655232
20.66500,40.61648142
20.67000,40.62641039
20.67500,40.63633920
20.68000,40.64626804
20.68500,40.65619716
20.69000,40.66612666
20.69500,40.67605627
20.70000,40.68598633
20.70500,40.69591685
20.71000,40.70584819
20.71500,40.71578009
20.72000,40.72571271
20.72500,40.73564621
20.73000,40.74558076
20.73500,40.75551646
20.74000,40.76545300
20.74500,40.77539066
20.75000,40.78532918
20.75500,40.79526855
20.76000,40.80520827
20.76500,40.81514854
20.77000,40.82508921
20.77500,40.83503031
20.78000,40.84497163
20.78500,40.85491310
20.79000,40.86485469
20.79500,40.87479617
20.80000,40.88473761
20.80500,40.89467918
20.81000,40.90462120
20.81500,40.91456357
20.82000,40.92450628
20.82500,40.93444955
20.83000,40.94439358
20.83500,40.95433870
20.84000,40.96428488
20.84500,40.97423236
20.85000,40.98418113
20.85500,40.99413157
20.86000,41.00408353
20.86500,41.01403750
20.87000,41.02399349
20.87500,41.03395182
20.88000,41.04391233
20.88500,41.05387496
20.89000,41.06383956
20.89500,41.07380606
20.90000,41.08377441
20.90500,41.09374433
20.91000,41.10371580
20.91500,41.11368865
20.92000,41.12366285
20.92500,41.13363792
20.93000,41.14361398
20.93500,41.15359086
20.94000,41.16356871
20.94500,41.17354734
20.95000,41.18352693
20.95500,41.19350757
20.96000,41.20348906
20.96500,41.21347109
20.97000,41.22345354
20.97500,41.23343629
20.98000,41.24341923
20.98500,41.25340173
20.99000,41.26338374
20.99500,41.27336499
21.00000,41.28334540
21.00500,41.29332461
21.01000,41.30330277
21.01500,41.31327991
21.02000,41.32325602
21.02500,41.33323089
21.03000,41.34320440
21.03500,41.35317669
21.04000,41.36314785
21.04500,41.37311807
21.05000,41.38308721
21.05500,41.39305562
21.06000,41.40302325
21.06500,41.41299010
21.07000,41.42295591
21.07500,41.43292079
21.08000,41.44288484
21.08500,41.45284818
21.09000,41.46281083
21.09500,41.47277279
21.10000,41.48273421
21.10500,41.49269514
21.11000,41.50265550
21.11500,41.51261535
21.12000,41.52257501
21.12500,41.53253486
21.13000,41.54249511
21.13500,41.55245590
21.14000,41.56241744
21.14500,41.57237982
21.15000,41.58234297
21.15500,41.59230697
21.16000,41.60227195
21.16500,41.61223796
21.17000,41.62220492
21.17500,41.63217273
21.18000,41.64214101
21.18500,41.65210974
21.19000,41.66207878
21.19500,41.67204817
21.20000,41.68201741
21.20500,41.69198639
21.21000,41.70195485
21.21500,41.71192312
21.22000,41.72189103
21.22500,41.73185875
21.23000,41.74182635
21.23500,41.75179418
21.24000,41.76176233
21.24500,41.77173090
21.25000,41.78169997
21.25500,41.79166962
21.26000,41.80163991
21.26500,41.81161070
21.27000,41.82158222
21.27500,41.83155455
21.28000,41.84152776
21.28500,41.85150173
21.29000,41.86147614
21.29500,41.87145102
21.30000,41.88142594
21.30500,41.89140083
21.31000,41.90137497
21.31500,41.91134831
21.32000,41.92132035
21.32500,41.93129090
21.33000,41.94125945
21.33500,41.95122588
21.34000,41.96119002
21.34500,41.97115167
21.35000,41.98111070
21.35500,41.99106710
21.36000,42.00102100
21.36500,42.01097241
21.37000,42.02092145
21.37500,42.03086832
21.38000,42.04081340
21.38500,42.05075681
21.39000,42.06069858
21.39500,42.07063880
21.40000,42.08057764
21.40500,42.09051513
21.41000,42.10045138
21.41500,42.11038656
21.42000,42.12032085
21.42500,42.13025436
21.43000,42.14018671
21.43500,42.15011773
21.44000,42.16004717
21.44500,42.16997514
21.45000,42.17990127
21.45500,42.18982526
21.46000,42.19974667
21.46500,42.20966538
21.47000,42.21958099
21.47500,42.22949314
21.48000,42.23940159
21.48500,42.24930638
21.49000,42.25920734
21.49500,42.26910433
21.50000,42.27899714
21.50500,42.28888587
21.51000,42.29877051
21.51500,42.30865086
21.52000,42.31852655
21.52500,42.32839741
21.53000,42.33826355
21.53500,42.34812509
21.54000,42.35798200
21.54500,42.36783447
21.55000,42.37768277
21.55500,42.38752729
21.56000,42.39736815
21.56500,42.40720578
21.57000,42.41704030
21.57500,42.42687199
21.58000,42.43670069
21.58500,42.44652659
21.59000,42.45634959
21.59500,42.46616995
21.60000,42.47598774
21.60500,42.48580303
21.61000,42.49561577
21.61500,42.50542609
21.62000,42.51523393
21.62500,42.52503944
21.63000,42.53484263
21.63500,42.54464404
21.64000,42.55444378
21.64500,42.56424238
21.65000,42.57403956
21.65500,42.58383573
21.66000,42.59363071
21.66500,42.60342469
21.67000,42.61321739
21.67500,42.62300911
21.68000,42.63279994
21.68500,42.64258986
21.69000,42.65237897
21.69500,42.66216732
21.70000,42.67195504
21.70500,42.68174179
21.71000,42.69152758
21.71500,42.70131232
21.72000,42.71109638
21.72500,42.72087975
21.73000,42.73066246
21.73500,42.74044468
21.74000,42.75022637
21.74500,42.76000784
21.75000,42.76978909
21.75500,42.77957052
21.76000,42.78935192
21.76500,42.79913349
21.77000,42.80891507
21.77500,42.81869690
21.78000,42.82847909
21.78500,42.83826176
21.79000,42.84804512
21.79500,42.85782953
21.80000,42.86761574
21.80500,42.87740392
21.81000,42.88719428
21.81500,42.89698678
21.82000,42.90678169
21.82500,42.91657887
21.83000,42.92637827
21.83500,42.93617972
21.84000,42.94598348
21.84500,42.95578953
21.85000,42.96559742
21.85500,42.97540690
21.86000,42.98521785
21.86500,42.99503025
21.87000,43.00484342
21.87500,43.01465709
21.88000,43.02447122
21.88500,43.03428592
21.89000,43.04410072
21.89500,43.05391565
21.90000,43.06373086
21.90500,43.07354650
21.91000,43.08336239
21.91500,43.09317843
21.92000,43.10299487
21.92500,43.11281166
21.93000,43.12262869
21.93500,43.13244568
21.94000,43.14226302
21.94500,43.15208080
21.95000,43.16189912
21.95500,43.17171794
21.96000,43.18153767
21.96500,43.19135866
21.97000,43.20118102
21.97500,43.21100457
21.98000,43.22082929
21.98500,43.23065536
21.99000,43.24048270
21.99500,43.25031154
22.00000,43.26014172
22.00500,43.26997364
22.01000,43.27980700
22.01500,43.28964200
22.02000,43.29947805
22.02500,43.30931517
22.03000,43.31915307
22.03500,43.32899149
22.04000,43.33882960
22.04500,43.34866704
22.05000,43.35850356
22.05500,43.36833877
22.06000,43.37817206
22.06500,43.38800323
22.07000,43.39783239
22.07500,43.40765937
22.08000,43.41748407
22.08500,43.42730639
22.09000,43.43712705
22.09500,43.44694606
22.10000,43.45676365
22.10500,43.46657948
22.11000,43.47639385
22.11500,43.48620679
22.12000,43.49601843
22.12500,43.50582885
22.13000,43.51563819
22.13500,43.52544670
22.14000,43.53525420
22.14500,43.54506093
22.15000,43.55486662
22.15500,43.56467188
22.16000,43.57447645
22.16500,43.58428036
22.17000,43.59408324
22.17500,43.60388505
22.18000,43.61368561
22.18500,43.62348475
22.19000,43.63328246
22.19500,43.64307875
22.20000,43.65287369
22.20500,43.66266712
22.21000,43.67245898
22.21500,43.68224921
22.22000,43.69203774
22.22500,43.70182430
22.23000,43.71160898
22.23500,43.72139169
22.24000,43.73117249
22.24500,43.74095122
22.25000,43.75072806
22.25500,43.76050305
22.26000,43.77027659
22.26500,43.78004852
22.27000,43.78981894
22.27500,43.79958772
22.28000,43.80935516
22.28500,43.81912103
22.29000,43.82888546
22.29500,43.83864845
22.30000,43.84841046
22.30500,43.85817152
22.31000,43.86793202
22.31500,43.87769192
22.32000,43.88745154
22.32500,43.89721053
22.33000,43.90696878
22.33500,43.91672642
22.34000,43.92648358
22.34500,43.93624050
22.35000,43.94599694
22.35500,43.95575344
22.36000,43.96551003
22.36500,43.97526741
22.37000,43.98502526
22.37500,43.99478410
22.38000,44.00454339
22.38500,44.01430340
22.39000,44.02406363
22.39500,44.03382463
22.40000,44.04358654
22.40500,44.05334966
22.41000,44.06311416
22.41500,44.07288032
22.42000,44.08264843
22.42500,44.09241796
22.43000,44.10218883
22.43500,44.11196076
22.44000,44.12173414
22.44500,44.13150858
22.45000,44.14128387
22.45500,44.15106004
22.46000,44.16083736
22.46500,44.17061589
22.47000,44.18039495
22.47500,44.19017484
22.48000,44.19995531
22.48500,44.20973682
22.49000,44.21951898
22.49500,44.22930231
22.50000,44.23908669
22.50500,44.24887241
22.51000,44.25865894
22.51500,44.26844643
22.52000,44.27823523
22.52500,44.28802533
22.53000,44.29781671
22.53500,44.30760965
22.54000,44.31740450
22.54500,44.32720085
22.55000,44.33699842
22.55500,44.34679732
22.56000,44.35659762
22.56500,44.36639925
22.57000,44.37620141
22.57500,44.38600417
22.58000,44.39580738
22.58500,44.40561106
22.59000,44.41541454
22.59500,44.42521784
22.60000,44.43502115
22.60500,44.44482436
22.61000,44.45462700
22.61500,44.46442910
22.62000,44.47423096
22.62500,44.48403271
22.63000,44.49383406
22.63500,44.50363512
22.64000,44.51343592
22.64500,44.52323669
22.65000,44.53303686
22.65500,44.54283654
22.66000,44.55263562
22.66500,44.56243407
22.67000,44.57223179
22.67500,44.58202892
22.68000,44.59182575
22.68500,44.60162226
22.69000,44.61141865
22.69500,44.62121524
22.70000,44.63101254
22.70500,44.64081061
22.71000,44.65060941
22.71500,44.66040935
22.72000,44.67021076
22.72500,44.68001373
22.73000,44.68981775
22.73500,44.69962327
22.74000,44.70942996
22.74500,44.71923798
22.75000,44.72904640
22.75500,44.73885542
22.76000,44.74866471
22.76500,44.75847415
22.77000,44.76828296
22.77500,44.77809111
22.78000,44.78789854
22.78500,44.79770541
22.79000,44.80751128
22.79500,44.81731619
22.80000,44.82712010
22.80500,44.83692310
22.81000,44.84672495
22.81500,44.85652563
22.82000,44.86632553
22.82500,44.87612523
22.83000,44.88592490
22.83500,44.89572494
22.84000,44.90552568
22.84500,44.91532756
22.85000,44.92513066
22.85500,44.93493507
22.86000,44.94474086
22.86500,44.95454790
22.87000,44.96435621
22.87500,44.97416539
22.88000,44.98397544
22.88500,44.99378585
22.89000,45.00359654
22.89500,45.01340718
22.90000,45.02321792
22.90500,45.03302848
22.91000,45.04283864
22.91500,45.05264823
22.92000,45.06245722
22.92500,45.07226575
22.93000,45.08207375
22.93500,45.09188116
22.94000,45.10168800
22.94500,45.11149413
22.95000,45.12130005
22.95500,45.13110541
22.96000,45.14091054
22.96500,45.15071519
22.97000,45.16051998
22.97500,45.17032489
22.98000,45.18013029
22.98500,45.18993632
22.99000,45.19974342
22.99500,45.20955162
23.00000,45.21936054
23.00500,45.22917030
23.01000,45.23898071
23.01500,45.24879192
23.02000,45.25860352
23.02500,45.26841565
23.03000,45.27822801
23.03500,45.28804045
23.04000,45.29785250
23.04500,45.30766428
23.05000,45.31747559
23.05500,45.32728644
23.06000,45.33709668
23.06500,45.34690633
23.07000,45.35671556
23.07500,45.36652430
23.08000,45.37633200
23.08500,45.38613833
23.09000,45.39594337
23.09500,45.40574710
23.10000,45.41554913
23.10500,45.42534956
23.11000,45.43514833
23.11500,45.44494567
23.12000,45.45474114
23.12500,45.46453476
23.13000,45.47432644
23.13500,45.48411659
23.14000,45.49390512
23.14500,45.50369220
23.15000,45.51347795
23.15500,45.52326239
23.16000,45.53304561
23.16500,45.54282732
23.17000,45.55260772
23.17500,45.56238663
23.18000,45.57216401
23.18500,45.58193974
23.19000,45.59171419
23.19500,45.60148753
23.20000,45.61125988
23.20500,45.62103121
23.21000,45.63080169
23.21500,45.64057151
23.22000,45.65034093
23.22500,45.66011007
23.23000,45.66987945
23.23500,45.67964899
23.24000,45.68941897
23.24500,45.69918892
23.25000,45.70895937
23.25500,45.71873001
23.26000,45.72850118
23.26500,45.73827219
23.27000,45.74804382
23.27500,45.75781596
23.28000,45.76758894
23.28500,45.77736201
23.29000,45.78713540
23.29500,45.79690893
23.30000,45.80668258
23.30500,45.81645608
23.31000,45.82622946
23.31500,45.83600294
23.32000,45.84577691
23.32500,45.85555166
23.33000,45.86532756
23.33500,45.87510472
23.34000,45.88488302
23.34500,45.89466248
23.35000,45.90444305
23.35500,45.91422488
23.36000,45.92400798
23.36500,45.93379274
23.37000,45.94357927
23.37500,45.95336803
23.38000,45.96315906
23.38500,45.97295239
23.39000,45.98274775
23.39500,45.99254498
23.40000,46.00234394
23.40500,46.01214425
23.41000,46.02194591
23.41500,46.03174839
23.42000,46.04155141
23.42500,46.05135453
23.43000,46.06115771
23.43500,46.07096020
23.44000,46.08076168
23.44500,46.09056140
23.45000,46.10035929
23.45500,46.11015482
23.46000,46.11994796
23.46500,46.12973847
23.47000,46.13952645
23.47500,46.14931201
23.48000,46.15909531
23.48500,46.16887665
23.49000,46.17865655
23.49500,46.18843515
23.50000,46.19821243
23.50500,46.20798863
23.51000,46.21776371
23.51500,46.22753783
23.52000,46.23731069
23.52500,46.24708284
23.53000,46.25685441
23.53500,46.26662573
23.54000,46.27639667
23.54500,46.28616752
23.55000,46.29593816
23.55500,46.30570839
23.56000,46.31547814
23.56500,46.32524755
23.57000,46.33501681
23.57500,46.34478585
23.58000,46.35455477
23.58500,46.36432383
23.59000,46.37409350
23.59500,46.38386366
23.60000,46.39363449
23.60500,46.40340615
23.61000,46.41317925
23.61500,46.42295367
23.62000,46.43272948
23.62500,46.44250659
23.63000,46.45228512
23.63500,46.46206473
23.64000,46.47184521
23.64500,46.48162655
23.65000,46.49140915
23.65500,46.50119293
23.66000,46.51097810
23.66500,46.52076498
23.67000,46.53055413
23.67500,46.54034532
23.68000,46.55013847
23.68500,46.55993337
23.69000,46.56973028
23.69500,46.57952872
23.70000,46.58932822
23.70500,46.59912854
23.71000,46.60893008
23.71500,46.61873263
23.72000,46.62853586
23.72500,46.63833937
23.73000,46.64814334
23.73500,46.65794801
23.74000,46.66775326
23.74500,46.67755891
23.75000,46.68736520
23.75500,46.69717251
23.76000,46.70698084
23.76500,46.71679026
23.77000,46.72660094
23.77500,46.73641340
23.78000,46.74622753
23.78500,46.75604322
23.79000,46.76586043
23.79500,46.77567937
23.80000,46.78549971
23.80500,46.79532102
23.81000,46.80514295
23.81500,46.81496602
23.82000,46.82479029
23.82500,46.83461590
23.83000,46.84444243
23.83500,46.85426996
23.84000,46.86409834
23.84500,46.87392725
23.85000,46.88375650
23.85500,46.89358596
23.86000,46.90341607
23.86500,46.91324666
23.87000,46.92307812
23.87500,46.93291044
23.88000,46.94274419
23.88500,46.95257903
23.89000,46.96241488
23.89500,46.97225143
23.90000,46.98208847
23.90500,46.99192592
23.91000,47.00176366
23.91500,47.01160168
23.92000,47.02143987
23.92500,47.03127859
23.93000,47.04111767
23.93500,47.05095737
23.94000,47.06079755
23.94500,47.07063851
23.95000,47.08048013
23.95500,47.09032244
23.96000,47.10016559
23.96500,47.11000961
23.97000,47.11985483
23.97500,47.12970106
23.98000,47.13954858
23.98500,47.14939721
23.99000,47.15924716
23.99500,47.16909806
24.00000,47.17894983
24.00500,47.18880234
24.01000,47.19865553
24.01500,47.20850917
24.02000,47.21836292
24.02500,47.22821681
24.03000,47.23807085
24.03500,47.24792499
24.04000,47.25777916
24.04500,47.26763351
24.05000,47.27748839
24.05500,47.28734378
24.06000,47.29719975
24.06500,47.30705613
24.07000,47.31691301
24.07500,47.32677000
24.08000,47.33662684
24.08500,47.34648344
24.09000,47.35633995
24.09500,47.36619652
24.10000,47.37605296
24.10500,47.38590949
24.11000,47.39576643
24.11500,47.40562426
24.12000,47.41548299
24.12500,47.42534249
24.13000,47.43520283
24.13500,47.44506379
24.14000,47.45492543
24.14500,47.46478759
24.15000,47.47465034
24.15500,47.48451327
24.16000,47.49437632
24.16500,47.50423902
24.17000,47.51410190
24.17500,47.52396436
24.18000,47.53382652
24.18500,47.54368793
24.19000,47.55354929
24.19500,47.56340998
24.20000,47.57326983
24.20500,47.58312814
24.21000,47.59298522
24.21500,47.60284056
24.22000,47.61269409
24.22500,47.62254527
24.23000,47.63239458
24.23500,47.64224227
24.24000,47.65208847
24.24500,47.66193297
24.25000,47.67177584
24.25500,47.68161746
24.26000,47.69145766
24.26500,47.70129641
24.27000,47.71113347
24.27500,47.72096921
24.28000,47.73080345
24.28500,47.74063653
24.29000,47.75046843
24.29500,47.76029947
24.30000,47.77012927
24.30500,47.77995785
24.31000,47.78978508
24.31500,47.79961140
24.32000,47.80943685
24.32500,47.81926127
24.33000,47.82908488
24.33500,47.83890786
24.34000,47.84873047
24.34500,47.85855238
24.35000,47.86837370
24.35500,47.87819419
24.36000,47.88801382
24.36500,47.89783200
24.37000,47.90764865
24.37500,47.91746348
24.38000,47.92727683
24.38500,47.93708846
24.39000,47.94689872
24.39500,47.95670753
24.40000,47.96651518
24.40500,47.97632158
24.41000,47.98612687
24.41500,47.99593089
24.42000,48.00573376
24.42500,48.01553545
24.43000,48.02533608
24.43500,48.03513590
24.44000,48.04493539
24.44500,48.05473496
24.45000,48.06453472
24.45500,48.07433496
24.46000,48.08413581
24.46500,48.09393743
24.47000,48.10373983
24.47500,48.11354294
24.48000,48.12334685
24.48500,48.13315122
24.49000,48.14295608
24.49500,48.15276089
24.50000,48.16256591
24.50500,48.17237056
24.51000,48.18217459
24.51500,48.19197765
24.52000,48.20177976
24.52500,48.21158071
24.53000,48.22137991
24.53500,48.23117741
24.54000,48.24097313
24.54500,48.25076713
24.55000,48.26055906
24.55500,48.27034883
24.56000,48.28013673
24.56500,48.28992272
24.57000,48.29970681
24.57500,48.30948885
24.58000,48.31926963
24.58500,48.32904915
24.59000,48.33882803
24.59500,48.34860621
24.60000,48.35838444
24.60500,48.36816253
24.61000,48.37794079
24.61500,48.38771943
24.62000,48.39749885
24.62500,48.40727960
24.63000,48.41706174
24.63500,48.42684584
24.64000,48.43663193
24.64500,48.44642008
24.65000,48.45620995
24.65500,48.46600173
24.66000,48.47579542
24.66500,48.48559108
24.67000,48.49538869
24.67500,48.50518858
24.68000,48.51499076
24.68500,48.52479499
24.69000,48.53460103
24.69500,48.54440873
24.70000,48.55421776
24.70500,48.56402775
24.71000,48.57383850
24.71500,48.58365023
24.72000,48.59346309
24.72500,48.60327690
24.73000,48.61309142
24.73500,48.62290647
24.74000,48.63272218
24.74500,48.64253832
24.75000,48.65235469
24.75500,48.66217144
24.76000,48.67198866
24.76500,48.68180660
24.77000,48.69162509
24.77500,48.70144413
24.78000,48.71126365
24.78500,48.72108352
24.79000,48.73090359
24.79500,48.74072356
24.80000,48.75054347
24.80500,48.76036360
24.81000,48.77018382
24.81500,48.78000424
24.82000,48.78982485
24.82500,48.79964586
24.83000,48.80946703
24.83500,48.81928834
24.84000,48.82911003
24.84500,48.83893214
24.85000,48.84875430
24.85500,48.85857651
24.86000,48.86839898
24.86500,48.87822202
24.87000,48.88804531
24.87500,48.89786915
24.88000,48.90769337
24.88500,48.91751834
24.89000,48.92734341
24.89500,48.93716890
24.90000,48.94699483
24.90500,48.95682165
24.91000,48.96664920
24.91500,48.97647719
24.92000,48.98630589
24.92500,48.99613505
24.93000,49.00596506
24.93500,49.01579537
24.94000,49.02562672
24.94500,49.03545865
24.95000,49.04529171
24.95500,49.05512528
24.96000,49.06495989
24.96500,49.07479492
24.97000,49.08463032
24.97500,49.09446597
24.98000,49.10430187
24.98500,49.11413829
24.99000,49.12397487
24.99500,49.13381210
25.00000,49.14364978
25.00500,49.15348844
25.01000,49.16332760
25.01500,49.17316741
25.02000,49.18300748
25.02500,49.19284787
25.03000,49.20268838
25.03500,49.21252908
25.04000,49.22237031
25.04500,49.23221235
25.05000,49.24205514
25.05500,49.25189859
25.06000,49.26174276
25.06500,49.27158766
25.07000,49.28143295
25.07500,49.29127845
25.08000,49.30112396
25.08500,49.31096943
25.09000,49.32081438
25.09500,49.33065884
25.10000,49.34050268
25.10500,49.35034601
25.11000,49.36018837
25.11500,49.37002945
25.12000,49.37986866
25.12500,49.38970573
25.13000,49.39954006
25.13500,49.40937133
25.14000,49.41919927
25.14500,49.42902403
25.15000,49.43884548
25.15500,49.44866352
25.16000,49.45847823
25.16500,49.46828959
25.17000,49.47809755
25.17500,49.48790214
25.18000,49.49770382
25.18500,49.50750298
25.19000,49.51730044
25.19500,49.52709608
25.20000,49.53689048
25.20500,49.54668346
25.21000,49.55647572
25.21500,49.56626703
25.22000,49.57605789
25.22500,49.58584818
25.23000,49.59563835
25.23500,49.60542846
25.24000,49.61521873
25.24500,49.62500911
25.25000,49.63479956
25.25500,49.64459002
25.26000,49.65438007
25.26500,49.66416950
25.27000,49.67395787
25.27500,49.68374518
25.28000,49.69353118
25.28500,49.70331573
25.29000,49.71309895
25.29500,49.72288100
25.30000,49.73266191
25.30500,49.74244151
25.31000,49.75222005
25.31500,49.76199756
25.32000,49.77177440
25.32500,49.78155074
25.33000,49.79132724
25.33500,49.80110410
25.34000,49.81088154
25.34500,49.82065926
25.35000,49.83043761
25.35500,49.84021643
25.36000,49.84999569
25.36500,49.85977493
25.37000,49.86955453
25.37500,49.87933476
25.38000,49.88911545
25.38500,49.89889613
25.39000,49.90867646
25.39500,49.91845663
25.40000,49.92823631
25.40500,49.93801543
25.41000,49.94779364
25.41500,49.95757122
25.42000,49.96734811
25.42500,49.97712409
25.43000,49.98689882
25.43500,49.99667253
25.44000,50.00644540
25.44500,50.01621729
25.45000,50.02598837
25.45500,50.03575883
25.46000,50.04552910
25.46500,50.05529876
25.47000,50.06506778
25.47500,50.07483642
25.48000,50.08460543
25.48500,50.09437485
25.49000,50.10414483
25.49500,50.11391571
25.50000,50.12368800
25.50500,50.13346177
25.51000,50.14323687
25.51500,50.15301331
25.52000,50.16279133
25.52500,50.17257082
25.53000,50.18235120
25.53500,50.19213243
25.54000,50.20191452
25.54500,50.21169772
25.55000,50.22148149
25.55500,50.23126609
25.56000,50.24105133
25.56500,50.25083760
25.57000,50.26062438
25.57500,50.27041179
25.58000,50.28019991
25.58500,50.28998890
25.59000,50.29977863
25.59500,50.30956906
25.60000,50.31936024
25.60500,50.32915231
25.61000,50.33894492
25.61500,50.34873793
25.62000,50.35853120
25.62500,50.36832500
25.63000,50.37811904
25.63500,50.38791358
25.64000,50.39770870
25.64500,50.40750498
25.65000,50.41730225
25.65500,50.42710066
25.66000,50.43690021
25.66500,50.44670093
25.67000,50.45650312
25.67500,50.46630657
25.68000,50.47611126
25.68500,50.48591713
25.69000,50.49572437
25.69500,50.50553306
25.70000,50.51534284
25.70500,50.52515369
25.71000,50.53496544
25.71500,50.54477815
25.72000,50.55459149
25.72500,50.56440554
25.73000,50.57421999
25.73500,50.58403486
25.74000,50.59385005
25.74500,50.60366529
25.75000,50.61348059
25.75500,50.62329586
25.76000,50.63311123
25.76500,50.64292632
25.77000,50.65274084
25.77500,50.66255451
25.78000,50.67236735
25.78500,50.68217911
25.79000,50.69198952
25.79500,50.70179864
25.80000,50.71160704
25.80500,50.72141508
25.81000,50.73122290
25.81500,50.74103047
25.82000,50.75083822
25.82500,50.76064618
25.83000,50.77045441
25.83500,50.78026309
25.84000,50.79007246
25.84500,50.79988266
25.85000,50.80969339
25.85500,50.81950461
25.86000,50.82931625
25.86500,50.83912832
25.87000,50.84894041
25.87500,50.85875229
25.88000,50.86856369
25.88500,50.87837447
25.89000,50.88818423
25.89500,50.89799304
25.90000,50.90780097
25.90500,50.91760830
25.91000,50.92741491
25.91500,50.93722078
25.92000,50.94702596
25.92500,50.95683066
25.93000,50.96663489
25.93500,50.97643833
25.94000,50.98624108
25.94500,50.99604321
25.95000,51.00584467
25.95500,51.01564532
25.96000,51.02544535
25.96500,51.03524476
25.97000,51.04504373
25.97500,51.05484204
25.98000,51.06464000
25.98500,51.07443745
25.99000,51.08423449
25.99500,51.09403061
26.00000,51.10382589
26.00500,51.11362001
26.01000,51.12341292
26.01500,51.13320449
26.02000,51.14299484
26.02500,51.15278400
26.03000,51.16257179
26.03500,51.17235843
26.04000,51.18214384
26.04500,51.19192827
26.05000,51.20171177
26.05500,51.21149423
26.06000,51.22127568
26.06500,51.23105585
26.07000,51.24083470
26.07500,51.25061205
26.08000,51.26038797
26.08500,51.27016245
26.09000,51.27993550
26.09500,51.28970725
26.10000,51.29947769
26.10500,51.30924646
26.11000,51.31901340
26.11500,51.32877851
26.12000,51.33854210
26.12500,51.34830406
26.13000,51.35806467
26.13500,51.36782400
26.14000,51.37758230
26.14500,51.38733945
26.15000,51.39709567
26.15500,51.40685125
26.16000,51.41660573
26.16500,51.42635891
26.17000,51.43611057
26.17500,51.44586111
26.18000,51.45561018
26.18500,51.46535764
26.19000,51.47510309
26.19500,51.48484674
26.20000,51.49458883
26.20500,51.50432943
26.21000,51.51406866
26.21500,51.52380686
26.22000,51.53354449
26.22500,51.54328168
26.23000,51.55301850
26.23500,51.56275511
26.24000,51.57249184
26.24500,51.58222859
26.25000,51.59196526
26.25500,51.60170219
26.26000,51.61143963
26.26500,51.62117779
26.27000,51.63091653
26.27500,51.64065615
26.28000,51.65039658
26.28500,51.66013823
26.29000,51.66988099
26.29500,51.67962513
26.30000,51.68937076
26.30500,51.69911809
26.31000,51.70886703
26.31500,51.71861751
26.32000,51.72836948
26.32500,51.73812290
26.33000,51.74787766
26.33500,51.75763324
26.34000,51.76738943
26.34500,51.77714589
26.35000,51.78690257
26.35500,51.79665910
26.36000,51.80641515
26.36500,51.81617072
26.37000,51.82592600
26.37500,51.83568090
26.38000,51.84543527
26.38500,51.85518919
26.39000,51.86494288
26.39500,51.87469597
26.40000,51.88444847
26.40500,51.89420063
26.41000,51.90395288
26.41500,51.91370525
26.42000,51.92345739
26.42500,51.93320977
26.43000,51.94296257
26.43500,51.95271583
26.44000,51.96246894
26.44500,51.97222189
26.45000,51.98197499
26.45500,51.99172831
26.46000,52.00148139
26.46500,52.01123411
26.47000,52.02098663
26.47500,52.03073897
26.48000,52.04049093
26.48500,52.05024273
26.49000,52.05999473
26.49500,52.06974696
26.50000,52.07949904
26.50500,52.08925076
26.51000,52.09900230
26.51500,52.10875355
26.52000,52.11850411
26.52500,52.12825406
26.53000,52.13800382
26.53500,52.14775399
26.54000,52.15750460
26.54500,52.16725603
26.55000,52.17700874
26.55500,52.18676305
26.56000,52.19651881
26.56500,52.20627603
26.57000,52.21603534
26.57500,52.22579696
26.58000,52.23556080
26.58500,52.24532649
26.59000,52.25509429
26.59500,52.26486410
26.60000,52.27463589
26.60500,52.28440931
26.61000,52.29418469
26.61500,52.30396169
26.62000,52.31373977
26.62500,52.32351804
26.63000,52.33329633
26.63500,52.34307424
26.64000,52.35285130
26.64500,52.36262727
26.65000,52.37240260
26.65500,52.38217730
26.66000,52.39195132
26.66500,52.40172444
26.67000,52.41149732
26.67500,52.42127011
26.68000,52.43104270
26.68500,52.44081477
26.69000,52.45058679
26.69500,52.46035923
26.70000,52.47013218
26.70500,52.47990588
26.71000,52.48968083
26.71500,52.49945800
26.72000,52.50923760
26.72500,52.51901975
26.73000,52.52880446
26.73500,52.53859201
26.74000,52.54838230
26.74500,52.55817497
26.75000,52.56797007
26.75500,52.57776735
26.76000,52.58756691
26.76500,52.59736814
26.77000,52.60717106
26.77500,52.61697517
26.78000,52.62678070
26.78500,52.63658699
26.79000,52.64639384
26.79500,52.65620081
26.80000,52.66600800
26.80500,52.67581499
26.81000,52.68562130
26.81500,52.69542700
26.82000,52.70523217
26.82500,52.71503662
26.83000,52.72483983
26.83500,52.73464196
26.84000,52.74444297
26.84500,52.75424289
26.85000,52.76404132
26.85500,52.77383889
26.86000,52.78363568
26.86500,52.79343181
26.87000,52.80322662
26.87500,52.81302058
26.88000,52.82281382
26.88500,52.83260602
26.89000,52.84239694
26.89500,52.85218655
26.90000,52.86197549
26.90500,52.87176325
26.91000,52.88155005
26.91500,52.89133553
26.92000,52.90112028
26.92500,52.91090371
26.93000,52.92068558
26.93500,52.93046568
26.94000,52.94024437
26.94500,52.95002200
26.95000,52.95979826
26.95500,52.96957365
26.96000,52.97934810
26.96500,52.98912185
26.97000,52.99889406
26.97500,53.00866489
26.98000,53.01843415
26.98500,53.02820188
26.99000,53.03796791
26.99500,53.04773242
27.00000,53.05749574
27.00500,53.06725801
27.01000,53.07701944
27.01500,53.08678042
27.02000,53.09654125
27.02500,53.10630216
27.03000,53.11606295
27.03500,53.12582365
27.04000,53.13558394
27.04500,53.14534384
27.05000,53.15510336
27.05500,53.16486255
27.06000,53.17462173
27.06500,53.18438094
27.07000,53.19414079
27.07500,53.20390142
27.08000,53.21366323
27.08500,53.22342589
27.09000,53.23318930
27.09500,53.24295371
27.10000,53.25271969
27.10500,53.26248704
27.11000,53.27225562
27.11500,53.28202569
27.12000,53.29179757
27.12500,53.30157102
27.13000,53.31134566
27.13500,53.32112142
27.14000,53.33089892
27.14500,53.34067758
27.15000,53.35045699
27.15500,53.36023680
27.16000,53.37001777
27.16500,53.37979946
27.17000,53.38958155
27.17500,53.39936405
27.18000,53.40914764
27.18500,53.41893239
27.19000,53.42871776
27.19500,53.43850356
27.20000,53.44829015
27.20500,53.45807815
27.21000,53.46786714
27.21500,53.47765734
27.22000,53.48744882
27.22500,53.49724224
27.23000,53.50703753
27.23500,53.51683454
27.24000,53.52663399
27.24500,53.53643596
27.25000,53.54624047
27.25500,53.55604686
27.26000,53.56585583
27.26500,53.57566751
27.27000,53.58548222
27.27500,53.59529963
27.28000,53.60512035
27.28500,53.61494428
27.29000,53.62477135
27.29500,53.63460095
27.30000,53.64443307
27.30500,53.65426777
27.31000,53.66410472
27.31500,53.67394343
27.32000,53.68378384
27.32500,53.69362615
27.33000,53.70347000
27.33500,53.71331501
27.34000,53.72316075
27.34500,53.73300721
27.35000,53.74285402
27.35500,53.75270087
27.36000,53.76254751
27.36500,53.77239371
27.37000,53.78223914
27.37500,53.79208330
27.38000,53.80192557
27.38500,53.81176573
27.39000,53.82160361
27.39500,53.83143893
27.40000,53.84127122
27.40500,53.85110035
27.41000,53.86092666
27.41500,53.87075019
27.42000,53.88057107
27.42500,53.89038946
27.43000,53.90020568
27.43500,53.91001979
27.44000,53.91983182
27.44500,53.92964193
27.45000,53.93945044
27.45500,53.94925780
27.46000,53.95906436
27.46500,53.96887101
27.47000,53.97867808
27.47500,53.98848625
27.48000,53.99829523
27.48500,54.00810527
27.49000,54.01791650
27.49500,54.02772946
27.50000,54.03754416
27.50500,54.04736114
27.51000,54.05718046
27.51500,54.06700197
27.52000,54.07682503
27.52500,54.08664980
27.53000,54.09647613
27.53500,54.10630391
27.54000,54.11613290
27.54500,54.12596369
27.55000,54.13579633
27.55500,54.14563106
27.56000,54.15546712
27.56500,54.16530459
27.57000,54.17514317
27.57500,54.18498292
27.58000,54.19482315
27.58500,54.20466361
27.59000,54.21450444
27.59500,54.22434588
27.60000,54.23418738
27.60500,54.24402857
27.61000,54.25386929
27.61500,54.26370954
27.62000,54.27354878
27.62500,54.28338692
27.63000,54.29322416
27.63500,54.30306088
27.64000,54.31289687
27.64500,54.32273242
27.65000,54.33256803
27.65500,54.34240442
27.66000,54.35224162
27.66500,54.36207993
27.67000,54.37191973
27.67500,54.38176152
27.68000,54.39160478
27.68500,54.40144889
27.69000,54.41129368
27.69500,54.42113949
27.70000,54.43098580
27.70500,54.44083248
27.71000,54.45067954
27.71500,54.46052726
27.72000,54.47037516
27.72500,54.48022268
27.73000,54.49006955
27.73500,54.49991565
27.74000,54.50976071
27.74500,54.51960430
27.75000,54.52944651
27.75500,54.53928761
27.76000,54.54912781
27.76500,54.55896764
27.77000,54.56880750
27.77500,54.57864824
27.78000,54.58849001
27.78500,54.59833366
27.79000,54.60817902
27.79500,54.61802668
27.80000,54.62787627
27.80500,54.63772802
27.81000,54.64758178
27.81500,54.65743789
27.82000,54.66729613
27.82500,54.67715675
27.83000,54.68701927
27.83500,54.69688382
27.84000,54.70675000
27.84500,54.71661803
27.85000,54.72648745
27.85500,54.73635772
27.86000,54.74622789
27.86500,54.75609726
27.87000,54.76596539
27.87500,54.77583203
27.88000,54.78569642
27.88500,54.79555889
27.89000,54.80541965
27.89500,54.81527931
27.90000,54.82513754
27.90500,54.83499481
27.91000,54.84485181
27.91500,54.85470901
27.92000,54.86456649
27.92500,54.87442429
27.93000,54.88428284
27.93500,54.89414214
27.94000,54.90400206
27.94500,54.91386256
27.95000,54.92372421
27.95500,54.93358715
27.96000,54.94345103
27.96500,54.95331562
27.97000,54.96318126
27.97500,54.97304767
27.98000,54.98291427
27.98500,54.99278076
27.99000,55.00264749
27.99500,55.01251444
28.00000,55.02238089
28.00500,55.03224643
28.01000,55.04211145
28.01500,55.05197612
28.02000,55.06183966
28.02500,55.07170187
28.03000,55.08156302
28.03500,55.09142365
28.04000,55.10128340
28.04500,55.11114229
28.05000,55.12100031
28.05500,55.13085797
28.06000,55.14071471
28.06500,55.15057022
28.07000,55.16042436
28.07500,55.17027759
28.08000,55.18012966
28.08500,55.18998007
28.09000,55.19982891
28.09500,55.20967645
28.10000,55.21952260
28.10500,55.22936675
28.11000,55.23920919
28.11500,55.24905003
28.12000,55.25888968
28.12500,55.26872819
28.13000,55.27856580
28.13500,55.28840268
28.14000,55.29823867
28.14500,55.30807370
28.15000,55.31790755
28.15500,55.32774077
28.16000,55.33757316
28.16500,55.34740488
28.17000,55.35723563
28.17500,55.36706558
28.18000,55.37689466
28.18500,55.38672280
28.19000,55.39654985
28.19500,55.40637550
28.20000,55.41619992
28.20500,55.42602307
28.21000,55.43584515
28.21500,55.44566578
28.22000,55.45548549
28.22500,55.46530439
28.23000,55.47512319
28.23500,55.48494166
28.24000,55.49476008
28.24500,55.50457802
28.25000,55.51439572
28.25500,55.52421265
28.26000,55.53402872
28.26500,55.54384359
28.27000,55.55365732
28.27500,55.56346957
28.28000,55.57328014
28.28500,55.58308917
28.29000,55.59289695
28.29500,55.60270306
28.30000,55.61250720
28.30500,55.62230941
28.31000,55.63211022
28.31500,55.64190932
28.32000,55.65170663
28.32500,55.66150190
28.33000,55.67129599
28.33500,55.68108853
28.34000,55.69087949
28.34500,55.70066836
28.35000,55.71045573
28.35500,55.72024122
28.36000,55.73002484
28.36500,55.73980649
28.37000,55.74958691
28.37500,55.75936658
28.38000,55.76914567
28.38500,55.77892445
28.39000,55.78870349
28.39500,55.79848278
28.40000,55.80826167
28.40500,55.81803976
28.41000,55.82781722
28.41500,55.83759457
28.42000,55.84737145
28.42500,55.85714811
28.43000,55.86692503
28.43500,55.87670260
28.44000,55.88648037
28.44500,55.89625836
28.45000,55.90603646
28.45500,55.91581487
28.46000,55.92559297
28.46500,55.93537088
28.47000,55.94514891
28.47500,55.95492728
28.48000,55.96470565
28.48500,55.97448364
28.49000,55.98426163
28.49500,55.99403965
28.50000,56.00381779
28.50500,56.01359529
28.51000,56.02337213
28.51500,56.03314789
28.52000,56.04292273
28.52500,56.05269640
28.53000,56.06246915
28.53500,56.07224080
28.54000,56.08201169
28.54500,56.09178134
28.55000,56.10155022
28.55500,56.11131808
28.56000,56.12108522
28.56500,56.13085091
28.57000,56.14061540
28.57500,56.15037861
28.58000,56.16014088
28.58500,56.16990211
28.59000,56.17966234
28.59500,56.18942109
28.60000,56.19917832
28.60500,56.20893385
28.61000,56.21868755
28.61500,56.22843910
28.62000,56.23818846
28.62500,56.24793540
28.63000,56.25767969
28.63500,56.26742116
28.64000,56.27715966
28.64500,56.28689506
28.65000,56.29662682
28.65500,56.30635535
28.66000,56.31608041
28.66500,56.32580217
28.67000,56.33552021
28.67500,56.34523506
28.68000,56.35494659
28.68500,56.36465494
28.69000,56.37435947
28.69500,56.38406023
28.70000,56.39375702
28.70500,56.40345014
28.71000,56.41313984
28.71500,56.42282649
28.72000,56.43251049
28.72500,56.44219199
28.73000,56.45187160
28.73500,56.46154957
28.74000,56.47122645
28.74500,56.48090234
28.75000,56.49057759
28.75500,56.50025219
28.76000,56.50992688
28.76500,56.51960183
28.77000,56.52927744
28.77500,56.53895351
28.78000,56.54863034
28.78500,56.55830736
28.79000,56.56798494
28.79500,56.57766258
28.80000,56.58734066
28.80500,56.59701913
28.81000,56.60669848
28.81500,56.61637819
28.82000,56.62605856
28.82500,56.63573943
28.83000,56.64542135
28.83500,56.65510438
28.84000,56.66478857
28.84500,56.67447410
28.85000,56.68416104
28.85500,56.69384991
28.86000,56.70354071
28.86500,56.71323408
28.87000,56.72292989
28.87500,56.73262891
28.88000,56.74233106
28.88500,56.75203741
28.89000,56.76174797
28.89500,56.77146337
28.90000,56.78118330
28.90500,56.79090838
28.91000,56.80063838
28.91500,56.81037359
28.92000,56.82011346
28.92500,56.82985839
28.93000,56.83960790
28.93500,56.84936207
28.94000,56.85912027
28.94500,56.86888263
28.95000,56.87864884
28.95500,56.88841885
28.96000,56.89819222
28.96500,56.90796904
28.97000,56.91774920
28.97500,56.92753251
28.98000,56.93731836
28.98500,56.94710621
28.99000,56.95689557
28.99500,56.96668642
29.00000,56.97647817
29.00500,56.98627060
29.01000,56.99606335
29.01500,57.00585659
29.02000,57.01565008
29.02500,57.02544370
29.03000,57.03523742
29.03500,57.04503103
29.04000,57.05482461
29.04500,57.06461757
29.05000,57.07440998
29.05500,57.08420151
29.06000,57.09399290
29.06500,57.10378363
29.07000,57.11357404
29.07500,57.12336383
29.08000,57.13315362
29.08500,57.14294273
29.09000,57.15273124
29.09500,57.16251897
29.10000,57.17230605
29.10500,57.18209208
29.11000,57.19187709
29.11500,57.20166108
29.12000,57.21144425
29.12500,57.22122629
29.13000,57.23100685
29.13500,57.24078565
29.14000,57.25056273
29.14500,57.26033795
29.15000,57.27011126
29.15500,57.27988258
29.16000,57.28965218
29.16500,57.29941978
29.17000,57.30918578
29.17500,57.31895013
29.18000,57.32871318
29.18500,57.33847453
29.19000,57.34823462
29.19500,57.35799345
29.20000,57.36775151
29.20500,57.37750829
29.21000,57.38726382
29.21500,57.39701805
29.22000,57.40677168
29.22500,57.41652480
29.23000,57.42627698
29.23500,57.43602821
29.24000,57.44577840
29.24500,57.45552801
29.25000,57.46527663
29.25500,57.47502450
29.26000,57.48477173
29.26500,57.49451927
29.27000,57.50426715
29.27500,57.51401575
29.28000,57.52376522
29.28500,57.53351613
29.29000,57.54326845
29.29500,57.55302173
29.30000,57.56277619
29.30500,57.57253213
29.31000,57.58228974
29.31500,57.59204872
29.32000,57.60180899
29.32500,57.61157120
29.33000,57.62133474
29.33500,57.63109987
29.34000,57.64086585
29.34500,57.65063327
29.35000,57.66040106
29.35500,57.67016904
29.36000,57.67993641
29.36500,57.68970347
29.37000,57.69946942
29.37500,57.70923383
29.38000,57.71899676
29.38500,57.72875849
29.39000,57.73851858
29.39500,57.74827642
29.40000,57.75803185
29.40500,57.76778491
29.41000,57.77753515
29.41500,57.78728212
29.42000,57.79702569
29.42500,57.80676656
29.43000,57.81650478
29.43500,57.82624047
29.44000,57.83597383
29.44500,57.84570608
29.45000,57.85543764
29.45500,57.86516917
29.46000,57.87490084
29.46500,57.88463374
29.47000,57.89436824
29.47500,57.90410442
29.48000,57.91384249
29.48500,57.92358269
29.49000,57.93332562
29.49500,57.94307092
29.50000,57.95281867
29.50500,57.96256869
29.51000,57.97232148
29.51500,57.98207653
29.52000,57.99183352
29.52500,58.00159229
29.53000,58.01135286
29.53500,58.02111495
29.54000,58.03087806
29.54500,58.04064220
29.55000,58.05040735
29.55500,58.06017330
29.56000,58.06993956
29.56500,58.07970621
29.57000,58.08947357
29.57500,58.09924200
29.58000,58.10901094
29.58500,58.11878035
29.59000,58.12855041
29.59500,58.13832183
29.60000,58.14809443
29.60500,58.15786837
29.61000,58.16764387
29.61500,58.17742119
29.62000,58.18720016
29.62500,58.19698090
29.63000,58.20676376
29.63500,58.21654900
29.64000,58.22633643
29.64500,58.23612593
29.65000,58.24591758
29.65500,58.25571128
29.66000,58.26550655
29.66500,58.27530284
29.67000,58.28510022
29.67500,58.29489838
29.68000,58.30469706
29.68500,58.31449537
29.69000,58.32429347
29.69500,58.33409089
29.70000,58.34388735
29.70500,58.35368201
29.71000,58.36347511
29.71500,58.37326668
29.72000,58.38305671
29.72500,58.39284511
29.73000,58.40263224
29.73500,58.41241820
29.74000,58.42220276
29.74500,58.43198579
29.75000,58.44176804
29.75500,58.45155007
29.76000,58.46133210
29.76500,58.47111399
29.77000,58.48089642
29.77500,58.49068016
29.78000,58.50046541
29.78500,58.51025258
29.79000,58.52004191
29.79500,58.52983424
29.80000,58.53962924
29.80500,58.54942727
29.81000,58.55922806
29.81500,58.56903210
29.82000,58.57883874
29.82500,58.58864754
29.83000,58.59845796
29.83500,58.60826987
29.84000,58.61808336
29.84500,58.62789761
29.85000,58.63771213
29.85500,58.64752625
29.86000,58.65734005
29.86500,58.66715228
29.87000,58.67696271
29.87500,58.68677070
29.88000,58.69657650
29.88500,58.70637933
29.89000,58.71617922
29.89500,58.72597585
29.90000,58.73576960
29.90500,58.74556077
29.91000,58.75534966
29.91500,58.76513665
29.92000,58.77492200
29.92500,58.78470606
29.93000,58.79448917
29.93500,58.80427188
29.94000,58.81405455
29.94500,58.82383741
29.95000,58.83362061
29.95500,58.84340443
29.96000,58.85318909
29.96500,58.86297451
29.97000,58.87276039
29.97500,58.88254632
29.98000,58.89233226
29.98500,58.90211759
29.99000,58.91190224
29.99500,58.92168587
30.00000,58.93146860
30.00500,58.94125009
30.01000,58.95103023
30.01500,58.96080906
30.02000,58.97058643
30.02500,58.98036271
30.03000,58.99013760
30.03500,58.99991085
30.04000,59.00968226
30.04500,59.01945210
30.05000,59.02922047
30.05500,59.03898716
30.06000,59.04875291
30.06500,59.05851792
30.07000,59.06828285
30.07500,59.07804728
30.08000,59.08781189
30.08500,59.09757660
30.09000,59.10734195
30.09500,59.11710770
30.10000,59.12687416
30.10500,59.13664143
30.11000,59.14640961
30.11500,59.15617890
30.12000,59.16594887
30.12500,59.17571941
30.13000,59.18549005
30.13500,59.19526032
30.14000,59.20502978
30.14500,59.21479845
30.15000,59.22456629
30.15500,59.23433319
30.16000,59.24409885
30.16500,59.25386355
30.17000,59.26362711
30.17500,59.27338942
30.18000,59.28315011
30.18500,59.29290949
30.19000,59.30266760
30.19500,59.31242453
30.20000,59.32218033
30.20500,59.33193542
30.21000,59.34168981
30.21500,59.35144347
30.22000,59.36119613
30.22500,59.37094801
30.23000,59.38069935
30.23500,59.39045013
30.24000,59.40020012
30.24500,59.40994897
30.25000,59.41969658
30.25500,59.42944286
30.26000,59.43918744
30.26500,59.44893015
30.27000,59.45867059
30.27500,59.46840898
30.28000,59.47814517
30.28500,59.48787882
30.29000,59.49760999
30.29500,59.50733869
30.30000,59.51706488
30.30500,59.52678836
30.31000,59.53650950
30.31500,59.54622879
30.32000,59.55594677
30.32500,59.56566421
30.33000,59.57538133
30.33500,59.58509853
30.34000,59.59481562
30.34500,59.60453335
30.35000,59.61425124
30.35500,59.62396960
30.36000,59.63368768
30.36500,59.64340590
30.37000,59.65312377
30.37500,59.66284131
30.38000,59.67255822
30.38500,59.68227479
30.39000,59.69199096
30.39500,59.70170658
30.40000,59.71142142
30.40500,59.72113562
30.41000,59.73084907
30.41500,59.74056168
30.42000,59.75027335
30.42500,59.75998442
30.43000,59.76969485
30.43500,59.77940490
30.44000,59.78911426
30.44500,59.79882296
30.45000,59.80853104
30.45500,59.81823888
30.46000,59.82794650
30.46500,59.83765399
30.47000,59.84736153
30.47500,59.85706934
30.48000,59.86677754
30.48500,59.87648615
30.49000,59.88619511
30.49500,59.89590412
30.50000,59.90561324
30.50500,59.91532250
30.51000,59.92503198
30.51500,59.93474162
30.52000,59.94445131
30.52500,59.95416109
30.53000,59.96387056
30.53500,59.97357914
30.54000,59.98328619
30.54500,59.99299168
30.55000,60.00269512
30.55500,60.01239604
30.56000,60.02209410
30.56500,60.03178956
30.57000,60.04148231
30.57500,60.05117233
30.58000,60.06085957
30.58500,60.07054467
30.59000,60.08022807
30.59500,60.08991005
30.60000,60.09959130
30.60500,60.10927231
30.61000,60.11895354
30.61500,60.12863536
30.62000,60.13831813
30.62500,60.14800237
30.63000,60.15768832
30.63500,60.16737632
30.64000,60.17706627
30.64500,60.18675853
30.65000,60.19645284
30.65500,60.20614919
30.66000,60.21584741
30.66500,60.22554773
30.67000,60.23524973
30.67500,60.24495358
30.68000,60.25465978
30.68500,60.26436883
30.69000,60.27408080
30.69500,60.28379632
30.70000,60.29351566
30.70500,60.30323916
30.71000,60.31296672
30.71500,60.32269874
30.72000,60.33243517
30.72500,60.34217602
30.73000,60.35192109
30.73500,60.36167029
30.74000,60.37142367
30.74500,60.38118090
30.75000,60.39094175
30.75500,60.40070534
30.76000,60.41047145
30.76500,60.42023952
30.77000,60.43000996
30.77500,60.43978227
30.78000,60.44955632
30.78500,60.45933149
30.79000,60.46910814
30.79500,60.47888664
30.80000,60.48866727
30.80500,60.49844979
30.81000,60.50823412
30.81500,60.51802012
30.82000,60.52780771
30.82500,60.53759708
30.83000,60.54738871
30.83500,60.55718292
30.84000,60.56697957
30.84500,60.57677844
30.85000,60.58657947
30.85500,60.59638292
30.86000,60.60618868
30.86500,60.61599664
30.87000,60.62580719
30.87500,60.63562077
30.88000,60.64543769
30.88500,60.65525798
30.89000,60.66508141
30.89500,60.67490779
30.90000,60.68473737
30.90500,60.69457025
30.91000,60.70440647
30.91500,60.71424574
30.92000,60.72408802
30.92500,60.73393301
30.93000,60.74378029
30.93500,60.75362950
30.94000,60.76348057
30.94500,60.77333306
30.95000,60.78318692
30.95500,60.79304161
30.96000,60.80289774
30.96500,60.81275535
30.97000,60.82261483
30.97500,60.83247568
30.98000,60.84233833
30.98500,60.85220277
30.99000,60.86206950
30.99500,60.87193858
31.00000,60.88181055
31.00500,60.89168531
31.01000,60.90156250
31.01500,60.91144164
31.02000,60.92132270
31.02500,60.93120521
31.03000,60.94108885
31.03500,60.95097361
31.04000,60.96085975
31.04500,60.97074741
31.05000,60.98063633
31.05500,60.99052654
31.06000,61.00041829
31.06500,61.01031165
31.07000,61.02020661
31.07500,61.03010310
31.08000,61.04000165
31.08500,61.04990216
31.09000,61.05980428
31.09500,61.06970808
31.10000,61.07961419
31.10500,61.08952281
31.11000,61.09943348
31.11500,61.10934616
31.12000,61.11926095
31.12500,61.12917768
31.13000,61.13909506
31.13500,61.14901272
31.14000,61.15893042
31.14500,61.16884820
31.15000,61.17876510
31.15500,61.18868125
31.16000,61.19859640
31.16500,61.20851093
31.17000,61.21842394
31.17500,61.22833564
31.18000,61.23824584
31.18500,61.24815487
31.19000,61.25806221
31.19500,61.26796791
31.20000,61.27787225
31.20500,61.28777565
31.21000,61.29767778
31.21500,61.30757853
31.22000,61.31747818
31.22500,61.32737686
31.23000,61.33727415
31.23500,61.34716942
31.24000,61.35706252
31.24500,61.36695338
31.25000,61.37684176
31.25500,61.38672730
31.26000,61.39661042
31.26500,61.40649154
31.27000,61.41637060
31.27500,61.42624750
31.28000,61.43612248
31.28500,61.44599597
31.29000,61.45586773
31.29500,61.46573784
31.30000,61.47560629
31.30500,61.48547357
31.31000,61.49533976
31.31500,61.50520501
31.32000,61.51506963
31.32500,61.52493379
31.33000,61.53479738
31.33500,61.54466030
31.34000,61.55452251
31.34500,61.56438380
31.35000,61.57424398
31.35500,61.58410302
31.36000,61.59396110
31.36500,61.60381824
31.37000,61.61367417
31.37500,61.62352886
31.38000,61.63338240
31.38500,61.64323467
31.39000,61.65308550
31.39500,61.66293456
31.40000,61.67278197
31.40500,61.68262752
31.41000,61.69247167
31.41500,61.70231451
31.42000,61.71215663
31.42500,61.72199789
31.43000,61.73183886
31.43500,61.74167991
31.44000,61.75152183
31.44500,61.76136474
31.45000,61.77120889
31.45500,61.78105468
31.46000,61.79090267
31.46500,61.80075320
31.47000,61.81060646
31.47500,61.82046275
31.48000,61.83032199
31.48500,61.84018391
31.49000,61.85004812
31.49500,61.85991501
31.50000,61.86978477
31.50500,61.87965724
31.51000,61.88953220
31.51500,61.89940939
31.52000,61.90928876
31.52500,61.91917002
31.53000,61.92905293
31.53500,61.93893746
31.54000,61.94882378
31.54500,61.95871206
31.55000,61.96860223
31.55500,61.97849451
31.56000,61.98838926
31.56500,61.99828679
31.57000,62.00818700
31.57500,62.01808990
31.58000,62.02799563
31.58500,62.03790434
31.59000,62.04781592
31.59500,62.05772979
31.60000,62.06764598
31.60500,62.07756378
31.61000,62.08748324
31.61500,62.09740328
31.62000,62.10732413
31.62500,62.11724559
31.63000,62.12716793
31.63500,62.13709019
31.64000,62.14701204
31.64500,62.15693302
31.65000,62.16685289
31.65500,62.17677064
31.66000,62.18668602
31.66500,62.19659900
31.67000,62.20651009
31.67500,62.21641899
31.68000,62.22632554
31.68500,62.23622960
31.69000,62.24613145
31.69500,62.25603053
31.70000,62.26592654
31.70500,62.27581922
31.71000,62.28570916
31.71500,62.29559634
31.72000,62.30548104
31.72500,62.31536336
31.73000,62.32524382
31.73500,62.33512238
31.74000,62.34499868
31.74500,62.35487294
31.75000,62.36474515
31.75500,62.37461534
31.76000,62.38448298
31.76500,62.39434811
31.77000,62.40421058
31.77500,62.41407036
31.78000,62.42392670
31.78500,62.43377931
31.79000,62.44362822
31.79500,62.45347389
31.80000,62.46331606
31.80500,62.47315508
31.81000,62.48299170
31.81500,62.49282634
31.82000,62.50265916
31.82500,62.51249001
31.83000,62.52231970
31.83500,62.53214798
31.84000,62.54197532
31.84500,62.55180120
31.85000,62.56162650
31.85500,62.57145155
31.86000,62.58127664
31.86500,62.59110184
31.87000,62.60092752
31.87500,62.61075456
31.88000,62.62058247
31.88500,62.63041134
31.89000,62.64024051
31.89500,62.65007011
31.90000,62.65989941
31.90500,62.66972844
31.91000,62.67955750
31.91500,62.68938706
31.92000,62.69921690
31.92500,62.70904690
31.93000,62.71887735
31.93500,62.72870800
31.94000,62.73853844
31.94500,62.74836811
31.95000,62.75819720
31.95500,62.76802590
31.96000,62.77785444
31.96500,62.78768261
31.97000,62.79751091
31.97500,62.80733933
31.98000,62.81716794
31.98500,62.82699630
31.99000,62.83682459
31.99500,62.84665300
32.00000,62.85648138
32.00500,62.86630983
32.01000,62.87613868
32.01500,62.88596843
32.02000,62.89579924
32.02500,62.90563090
32.03000,62.91546310
32.03500,62.92529608
32.04000,62.93512931
32.04500,62.94496237
32.05000,62.95479530
32.05500,62.96462890
32.06000,62.97446369
32.06500,62.98429992
32.07000,62.99413794
32.07500,63.00397811
32.08000,63.01382070
32.08500,63.02366520
32.09000,63.03351101
32.09500,63.04335775
32.10000,63.05320544
32.10500,63.06305386
32.11000,63.07290245
32.11500,63.08275169
32.12000,63.09260154
32.12500,63.10245227
32.13000,63.11230276
32.13500,63.12215325
32.14000,63.13200343
32.14500,63.14185341
32.15000,63.15170249
32.15500,63.16155097
32.16000,63.17139939
32.16500,63.18124761
32.17000,63.19109549
32.17500,63.20094301
32.18000,63.21079106
32.18500,63.22063942
32.19000,63.23048779
32.19500,63.24033565
32.20000,63.25018328
32.20500,63.26003047
32.21000,63.26987653
32.21500,63.27972110
32.22000,63.28956427
32.22500,63.29940590
32.23000,63.30924557
32.23500,63.31908286
32.24000,63.32891784
32.24500,63.33875056
32.25000,63.34858077
32.25500,63.35840805
32.26000,63.36823254
32.26500,63.37805492
32.27000,63.38787525
32.27500,63.39769324
32.28000,63.40750877
32.28500,63.41732220
32.29000,63.42713295
32.29500,63.43694079
32.30000,63.44674543
32.30500,63.45654738
32.31000,63.46634656
32.31500,63.47614359
32.32000,63.48593900
32.32500,63.49573368
32.33000,63.50552779
32.33500,63.51532179
32.34000,63.52511639
32.34500,63.53491199
32.35000,63.54470860
32.35500,63.55450652
32.36000,63.56430649
32.36500,63.57410882
32.37000,63.58391307
32.37500,63.59371910
32.38000,63.60352687
32.38500,63.61333661
32.39000,63.62314755
32.39500,63.63295915
32.40000,63.64277123
32.40500,63.65258352
32.41000,63.66239568
32.41500,63.67220740
32.42000,63.68201865
32.42500,63.69182886
32.43000,63.70163769
32.43500,63.71144437
32.44000,63.72124911
32.44500,63.73105212
32.45000,63.74085358
32.45500,63.75065355
32.46000,63.76045237
32.46500,63.77025074
32.47000,63.78004860
32.47500,63.78984630
32.48000,63.79964374
32.48500,63.80944137
32.49000,63.81923853
32.49500,63.82903567
32.50000,63.83883278
32.50500,63.84863057
32.51000,63.85842927
32.51500,63.86822914
32.52000,63.87803069
32.52500,63.88783418
32.53000,63.89764024
32.53500,63.90744872
32.54000,63.91726004
32.54500,63.92707391
32.55000,63.93689056
32.55500,63.94670966
32.56000,63.95653128
32.56500,63.96635511
32.57000,63.97618125
32.57500,63.98600921
32.58000,63.99583874
32.58500,64.00566959
32.59000,64.01550182
32.59500,64.02533462
32.60000,64.03516737
32.60500,64.04499924
32.61000,64.05483033
32.61500,64.06465993
32.62000,64.07448774
32.62500,64.08431334
32.63000,64.09413728
32.63500,64.10395973
32.64000,64.11378119
32.64500,64.12360183
32.65000,64.13342177
32.65500,64.14324127
32.66000,64.15306009
32.66500,64.16287857
32.67000,64.17269640
32.67500,64.18251405
32.68000,64.19233120
32.68500,64.20214853
32.69000,64.21196599
32.69500,64.22178375
32.70000,64.23160128
32.70500,64.24141837
32.71000,64.25123506
32.71500,64.26105110
32.72000,64.27086662
32.72500,64.28068149
32.73000,64.29049613
32.73500,64.30030989
32.74000,64.31012246
32.74500,64.31993322
32.75000,64.32974192
32.75500,64.33954873
32.76000,64.34935358
32.76500,64.35915635
32.77000,64.36895654
32.77500,64.37875466
32.78000,64.38855104
32.78500,64.39834595
32.79000,64.40813940
32.79500,64.41793183
32.80000,64.42772425
32.80500,64.43751702
32.81000,64.44731092
32.81500,64.45710630
32.82000,64.46690404
32.82500,64.47670418
32.83000,64.48650651
32.83500,64.49631126
32.84000,64.50611880
32.84500,64.51592919
32.85000,64.52574197
32.85500,64.53555764
32.86000,64.54537653
32.86500,64.55519885
32.87000,64.56502442
32.87500,64.57485319
32.88000,64.58468546
32.88500,64.59452051
32.89000,64.60435802
32.89500,64.61419714
32.90000,64.62403820
32.90500,64.63388082
32.91000,64.64372495
32.91500,64.65357037
32.92000,64.66341726
32.92500,64.67326558
32.93000,64.68311480
32.93500,64.69296478
32.94000,64.70281502
32.94500,64.71266586
32.95000,64.72251680
32.95500,64.73236815
32.96000,64.74221927
32.96500,64.75207045
32.97000,64.76192123
32.97500,64.77177144
32.98000,64.78162064
32.98500,64.79146888
32.99000,64.80131602
32.99500,64.81116144
33.00000,64.82100500
33.00500,64.83084648
33.01000,64.84068611
33.01500,64.85052325
33.02000,64.86035792
33.02500,64.87018999
33.03000,64.88001963
33.03500,64.88984644
33.04000,64.89967048
33.04500,64.90949192
33.05000,64.91931084
33.05500,64.92912691
33.06000,64.93893963
33.06500,64.94874918
33.07000,64.95855536
33.07500,64.96835824
33.08000,64.97815750
33.08500,64.98795340
33.09000,64.99774589
33.09500,65.00753520
33.10000,65.01732081
33.10500,65.02710271
33.11000,65.03688040
33.11500,65.04665418
33.12000,65.05642362
33.12500,65.06618863
33.13000,65.07594904
33.13500,65.08570529
33.14000,65.09545759
33.14500,65.10520653
33.15000,65.11495239
33.15500,65.12469582
33.16000,65.13443771
33.16500,65.14417837
33.17000,65.15391851
33.17500,65.16365830
33.18000,65.17339892
33.18500,65.18314085
33.19000,65.19288495
33.19500,65.20263103
33.20000,65.21237951
33.20500,65.22212998
33.21000,65.23188246
33.21500,65.24163659
33.22000,65.25139261
33.22500,65.26115031
33.23000,65.27090969
33.23500,65.28067034
33.24000,65.29043262
33.24500,65.30019628
33.25000,65.30996123
33.25500,65.31972683
33.26000,65.32949301
33.26500,65.33925993
33.27000,65.34902773
33.27500,65.35879603
33.28000,65.36856495
33.28500,65.37833463
33.29000,65.38810477
33.29500,65.39787542
33.30000,65.40764641
33.30500,65.41741833
33.31000,65.42719096
33.31500,65.43696429
33.32000,65.44673812
33.32500,65.45651253
33.33000,65.46628787
33.33500,65.47606427
33.34000,65.48584223
33.34500,65.49562192
33.35000,65.50540388
33.35500,65.51518820
33.36000,65.52497515
33.36500,65.53476420
33.37000,65.54455542
33.37500,65.55434879
33.38000,65.56414427
33.38500,65.57394105
33.39000,65.58373905
33.39500,65.59353858
33.40000,65.60333951
33.40500,65.61314121
33.41000,65.62294300
33.41500,65.63274505
33.42000,65.64254700
33.42500,65.65234872
33.43000,65.66214975
33.43500,65.67195035
33.44000,65.68175009
33.44500,65.69154913
33.45000,65.70134733
33.45500,65.71114514
33.46000,65.72094281
33.46500,65.73074012
33.47000,65.74053767
33.47500,65.75033558
33.48000,65.76013437
33.48500,65.76993368
33.49000,65.77973396
33.49500,65.78953521
33.50000,65.79933763
33.50500,65.80914132
33.51000,65.81894667
33.51500,65.82875391
33.52000,65.83856317
33.52500,65.84837457
33.53000,65.85818798
33.53500,65.86800314
33.54000,65.87781972
33.54500,65.88763731
33.55000,65.89745598
33.55500,65.90727573
33.56000,65.91709668
33.56500,65.92691841
33.57000,65.93674138
33.57500,65.94656560
33.58000,65.95639138
33.58500,65.96621870
33.59000,65.97604736
33.59500,65.98587704
33.60000,65.99570764
33.60500,66.00553877
33.61000,66.01536994
33.61500,66.02520112
33.62000,66.03503261
33.62500,66.04486439
33.63000,66.05469628
33.63500,66.06452791
33.64000,66.07435969
33.64500,66.08419130
33.65000,66.09402315
33.65500,66.10385532
33.66000,66.11368830
33.66500,66.12352156
33.67000,66.13335530
33.67500,66.14318900
33.68000,66.15302260
33.68500,66.16285555
33.69000,66.17268796
33.69500,66.18251977
33.70000,66.19235151
33.70500,66.20218326
33.71000,66.21201495
33.71500,66.22184656
33.72000,66.23167804
33.72500,66.24150940
33.73000,66.25134020
33.73500,66.26116997
33.74000,66.27099805
33.74500,66.28082443
33.75000,66.29064879
33.75500,66.30047083
33.76000,66.31029058
33.76500,66.32010791
33.77000,66.32992316
33.77500,66.33973590
33.78000,66.34954610
33.78500,66.35935319
33.79000,66.36915757
33.79500,66.37895917
33.80000,66.38875832
33.80500,66.39855534
33.81000,66.40835080
33.81500,66.41814536
33.82000,66.42793888
33.82500,66.43773117
33.83000,66.44752187
33.83500,66.45731136
33.84000,66.46710028
33.84500,66.47688804
33.85000,66.48667530
33.85500,66.49646216
33.86000,66.50624947
33.86500,66.51603620
33.87000,66.52582291
33.87500,66.53560926
33.88000,66.54539579
33.88500,66.55518144
33.89000,66.56496665
33.89500,66.57475157
33.90000,66.58453663
33.90500,66.59432112
33.91000,66.60410482
33.91500,66.61388817
33.92000,66.62367178
33.92500,66.63345537
33.93000,66.64323868
33.93500,66.65302233
33.94000,66.66280679
33.94500,66.67259208
33.95000,66.68237796
33.95500,66.69216523
33.96000,66.70195418
33.96500,66.71174504
33.97000,66.72153709
33.97500,66.73133113
33.98000,66.74112715
33.98500,66.75092523
33.99000,66.76072412
33.99500,66.77052468
34.00000,66.78032702
34.00500,66.79013191
34.01000,66.79993852
34.01500,66.80974748
34.02000,66.81955866
34.02500,66.82937250
34.03000,66.83918899
34.03500,66.84900828
34.04000,66.85883110
34.04500,66.86865730
34.05000,66.87848671
34.05500,66.88831863
34.06000,66.89815335
34.06500,66.90799032
34.07000,66.91782921
34.07500,66.92766951
34.08000,66.93751161
34.08500,66.94735581
34.09000,66.95720183
34.09500,66.96704944
34.10000,66.97689852
34.10500,66.98674942
34.11000,66.99660177
34.11500,67.00645520
34.12000,67.01630930
34.12500,67.02616420
34.13000,67.03601966
34.13500,67.04587564
34.14000,67.05573262
34.14500,67.06559129
34.15000,67.07545168
34.15500,67.08531384
34.16000,67.09517796
34.16500,67.10504416
34.17000,67.11491178
34.17500,67.12478024
34.18000,67.13464920
34.18500,67.14451872
34.19000,67.15438818
34.19500,67.16425657
34.20000,67.17412392
34.20500,67.18399011
34.21000,67.19385519
34.21500,67.20371790
34.22000,67.21357817
34.22500,67.22343539
34.23000,67.23328949
34.23500,67.24313953
34.24000,67.25298565
34.24500,67.26282819
34.25000,67.27266733
34.25500,67.28250289
34.26000,67.29233461
34.26500,67.30216325
34.27000,67.31198916
34.27500,67.32181296
34.28000,67.33163472
34.28500,67.34145523
34.29000,67.35127454
34.29500,67.36109290
34.30000,67.37091035
34.30500,67.38072760
34.31000,67.39054541
34.31500,67.40036363
34.32000,67.41018208
34.32500,67.42000054
34.33000,67.42981917
34.33500,67.43963757
34.34000,67.44945572
34.34500,67.45927383
34.35000,67.46909265
34.35500,67.47891246
34.36000,67.48873355
34.36500,67.49855596
34.37000,67.50838023
34.37500,67.51820667
34.38000,67.52803539
34.38500,67.53786676
34.39000,67.54770128
34.39500,67.55753899
34.40000,67.56737963
34.40500,67.57722303
34.41000,67.58706967
34.41500,67.59691935
34.42000,67.60677232
34.42500,67.61662824
34.43000,67.62648744
34.43500,67.63634942
34.44000,67.64621380
34.44500,67.65607986
34.45000,67.66594750
34.45500,67.67581669
34.46000,67.68568707
34.46500,67.69555876
34.47000,67.70543145
34.47500,67.71530527
34.48000,67.72517978
34.48500,67.73505498
34.49000,67.74493068
34.49500,67.75480677
34.50000,67.76468314
34.50500,67.77455955
34.51000,67.78443648
34.51500,67.79431379
34.52000,67.80419184
34.52500,67.81407061
34.53000,67.82395028
34.53500,67.83383083
34.54000,67.84371255
34.54500,67.85359593
34.55000,67.86348082
34.55500,67.87336768
34.56000,67.88325647
34.56500,67.89314794
34.57000,67.90304183
34.57500,67.91293858
34.58000,67.92283795
34.58500,67.93274040
34.59000,67.94264587
34.59500,67.95255445
34.60000,67.96246587
34.60500,67.97238013
34.61000,67.98229642
34.61500,67.99221420
34.62000,68.00213250
34.62500,68.01205123
34.63000,68.02197006
34.63500,68.03188899
34.64000,68.04180762
34.64500,68.05172577
34.65000,68.06164357
34.65500,68.07156098
34.66000,68.08147832
34.66500,68.09139536
34.67000,68.10131303
34.67500,68.11123092
34.68000,68.12114956
34.68500,68.13106825
34.69000,68.14098757
34.69500,68.15090723
34.70000,68.16082775
34.70500,68.17074930
34.71000,68.18067163
34.71500,68.19059537
34.72000,68.20052013
34.72500,68.21044652
34.73000,68.22037375
34.73500,68.23030270
34.74000,68.24023281
34.74500,68.25016460
34.75000,68.26009765
34.75500,68.27003215
34.76000,68.27996857
34.76500,68.28990658
34.77000,68.29984637
34.77500,68.30978737
34.78000,68.31973027
34.78500,68.32967430
34.79000,68.33961975
34.79500,68.34956603
34.80000,68.35951384
34.80500,68.36946256
34.81000,68.37941194
34.81500,68.38936172
34.82000,68.39931221
34.82500,68.40926338
34.83000,68.41921473
34.83500,68.42916655
34.84000,68.43911909
34.84500,68.44907302
34.85000,68.45902805
34.85500,68.46898424
34.86000,68.47894147
34.86500,68.48889953
34.87000,68.49885820
34.87500,68.50881717
34.88000,68.51877639
34.88500,68.52873592
34.89000,68.53869548
34.89500,68.54865482
34.90000,68.55861357
34.90500,68.56857168
34.91000,68.57852856
34.91500,68.58848406
34.92000,68.59843840
34.92500,68.60839197
34.93000,68.61834477
34.93500,68.62829671
34.94000,68.63824823
34.94500,68.64819955
34.95000,68.65815043
34.95500,68.66810038
34.96000,68.67804994
34.96500,68.68799892
34.97000,68.69794741
34.97500,68.70789513
34.98000,68.71784249
34.98500,68.72778958
34.99000,68.73773627
34.99500,68.74768257
35.00000,68.75762864
35.00500,68.76757500
35.01000,68.77752150
35.01500,68.78746809
35.02000,68.79741436
35.02500,68.80736039
35.03000,68.81730546
35.03500,68.82724917
35.04000,68.83719141
35.04500,68.84713229
35.05000,68.85707124
35.05500,68.86700798
35.06000,68.87694249
35.06500,68.88687503
35.07000,68.89680554
35.07500,68.90673387
35.08000,68.91666022
35.08500,68.92658459
35.09000,68.93650725
35.09500,68.94642793
35.10000,68.95634708
35.10500,68.96626504
35.11000,68.97618266
35.11500,68.98609944
35.12000,68.99601564
35.12500,69.00593134
35.13000,69.01584726
35.13500,69.02576336
35.14000,69.03567989
35.14500,69.04559707
35.15000,69.05551533
35.15500,69.06543502
35.16000,69.07535604
35.16500,69.08527833
35.17000,69.09520183
35.17500,69.10512678
35.18000,69.11505313
35.18500,69.12498103
35.19000,69.13491018
35.19500,69.14484055
35.20000,69.15477187
35.20500,69.16470407
35.21000,69.17463728
35.21500,69.18457156
35.22000,69.19450689
35.22500,69.20444306
35.23000,69.21438006
35.23500,69.22431769
35.24000,69.23425557
35.24500,69.24419319
35.25000,69.25413045
35.25500,69.26406729
35.26000,69.27400356
35.26500,69.28393925
35.27000,69.29387447
35.27500,69.30380889
35.28000,69.31374233
35.28500,69.32367470
35.29000,69.33360570
35.29500,69.34353495
35.30000,69.35346168
35.30500,69.36338593
35.31000,69.37330713
35.31500,69.38322532
35.32000,69.39314010
35.32500,69.40305171
35.33000,69.41296023
35.33500,69.42286582
35.34000,69.43276855
35.34500,69.44266868
35.35000,69.45256618
35.35500,69.46246117
35.36000,69.47235385
35.36500,69.48224486
35.37000,69.49213440
35.37500,69.50202247
35.38000,69.51190881
35.38500,69.52179397
35.39000,69.53167853
35.39500,69.54156283
35.40000,69.55144712
35.40500,69.56133212
35.41000,69.57121847
35.41500,69.58110652
35.42000,69.59099581
35.42500,69.60088701
35.43000,69.61078011
35.43500,69.62067516
35.44000,69.63057154
35.44500,69.64046963
35.45000,69.65036968
35.45500,69.66027137
35.46000,69.67017475
35.46500,69.68007979
35.47000,69.68998660
35.47500,69.69989417
35.48000,69.70980245
35.48500,69.71971074
35.49000,69.72961909
35.49500,69.73952670
35.50000,69.74943385
35.50500,69.75934059
35.51000,69.76924726
35.51500,69.77915348
35.52000,69.78905941
35.52500,69.79896497
35.53000,69.80887029
35.53500,69.81877494
35.54000,69.82867888
35.54500,69.83858231
35.55000,69.84848508
35.55500,69.85838690
35.56000,69.86828810
35.56500,69.87818936
35.57000,69.88809066
35.57500,69.89799223
35.58000,69.90789438
35.58500,69.91779730
35.59000,69.92770116
35.59500,69.93760599
35.60000,69.94751214
35.60500,69.95741941
35.61000,69.96732763
35.61500,69.97723684
35.62000,69.98714777
35.62500,69.99706071
35.63000,70.00697491
35.63500,70.01689043
35.64000,70.02680696
35.64500,70.03672449
35.65000,70.04664188
35.65500,70.05655903
35.66000,70.06647607
35.66500,70.07639364
35.67000,70.08631168
35.67500,70.09623045
35.68000,70.10615053
35.68500,70.11607215
35.69000,70.12599537
35.69500,70.13591946
35.70000,70.14584463
35.70500,70.15577025
35.71000,70.16569620
35.71500,70.17562227
35.72000,70.18554908
35.72500,70.19547675
35.73000,70.20540504
35.73500,70.21533352
35.74000,70.22526246
35.74500,70.23519189
35.75000,70.24512144
35.75500,70.25505060
35.76000,70.26497935
35.76500,70.27490773
35.77000,70.28483563
35.77500,70.29476278
35.78000,70.30468917
35.78500,70.31461476
35.79000,70.32453973
35.79500,70.33446406
35.80000,70.34438770
35.80500,70.35431101
35.81000,70.36423371
35.81500,70.37415623
35.82000,70.38407848
35.82500,70.39400132
35.83000,70.40392438
35.83500,70.41384830
35.84000,70.42377295
35.84500,70.43369913
35.85000,70.44362656
35.85500,70.45355535
35.86000,70.46348509
35.86500,70.47341589
35.87000,70.48334744
35.87500,70.49327962
35.88000,70.50321176
35.88500,70.51314394
35.89000,70.52307567
35.89500,70.53300681
35.90000,70.54293702
35.90500,70.55286674
35.91000,70.56279615
35.91500,70.57272515
35.92000,70.58265363
35.92500,70.59258152
35.93000,70.60250883
35.93500,70.61243482
35.94000,70.62235968
35.94500,70.63228342
35.95000,70.64220627
35.95500,70.65212798
35.96000,70.66204875
35.96500,70.67196931
35.97000,70.68188960
35.97500,70.69180987
35.98000,70.70172966
35.98500,70.71164973
35.99000,70.72156927
35.99500,70.73148832
36.00000,70.74140622
36.00500,70.75132402
36.01000,70.76124117
36.01500,70.77115801
36.02000,70.78107386
36.02500,70.79098963
36.03000,70.80090492
36.03500,70.81081986
36.04000,70.82073459
36.04500,70.83065006
36.05000,70.84056658
36.05500,70.85048414
36.06000,70.86040285
36.06500,70.87032331
36.07000,70.88024582
36.07500,70.89017011
36.08000,70.90009621
36.08500,70.91002432
36.09000,70.91995433
36.09500,70.92988605
36.10000,70.93981937
36.10500,70.94975449
36.11000,70.95969119
36.11500,70.96962903
36.12000,70.97956727
36.12500,70.98950572
36.13000,70.99944385
36.13500,71.00938118
36.14000,71.01931715
36.14500,71.02925170
36.15000,71.03918482
36.15500,71.04911593
36.16000,71.05904447
36.16500,71.06897014
36.17000,71.07889285
36.17500,71.08881212
36.18000,71.09872781
36.18500,71.10864056
36.19000,71.11855082
36.19500,71.12845883
36.20000,71.13836422
36.20500,71.14826734
36.21000,71.15816777
36.21500,71.16806578
36.22000,71.17796096
36.22500,71.18785406
36.23000,71.19774494
36.23500,71.20763385
36.24000,71.21752047
36.24500,71.22740484
36.25000,71.23728705
36.25500,71.24716698
36.26000,71.25704511
36.26500,71.26692128
36.27000,71.27679611
36.27500,71.28666925
36.28000,71.29654109
36.28500,71.30641183
36.29000,71.31628214
36.29500,71.32615168
36.30000,71.33602074
36.30500,71.34588859
36.31000,71.35575601
36.31500,71.36562232
36.32000,71.37548771
36.32500,71.38535137
36.33000,71.39521400
36.33500,71.40507553
36.34000,71.41493644
36.34500,71.42479643
36.35000,71.43465599
36.35500,71.44451530
36.36000,71.45437453
36.36500,71.46423373
36.37000,71.47409278
36.37500,71.48395158
36.38000,71.49380980
36.38500,71.50366741
36.39000,71.51352442
36.39500,71.52338067
36.40000,71.53323592
36.40500,71.54308961
36.41000,71.55294196
36.41500,71.56279284
36.42000,71.57264190
36.42500,71.58248866
36.43000,71.59233353
36.43500,71.60217697
36.44000,71.61201874
36.44500,71.62185910
36.45000,71.63169839
36.45500,71.64153782
36.46000,71.65137678
36.46500,71.66121587
36.47000,71.67105517
36.47500,71.68089586
36.48000,71.69073727
36.48500,71.70057979
36.49000,71.71042325
36.49500,71.72026835
36.50000,71.73011426
36.50500,71.73996028
36.51000,71.74980610
36.51500,71.75965157
36.52000,71.76949639
36.52500,71.77933963
36.53000,71.78918117
36.53500,71.79902130
36.54000,71.80886028
36.54500,71.81869734
36.55000,71.82853225
36.55500,71.83836509
36.56000,71.84819597
36.56500,71.85802478
36.57000,71.86785190
36.57500,71.87767819
36.58000,71.88750412
36.58500,71.89732959
36.59000,71.90715460
36.59500,71.91697946
36.60000,71.92680454
36.60500,71.93662978
36.61000,71.94645552
36.61500,71.95628229
36.62000,71.96611057
36.62500,71.97594011
36.63000,71.98577079
36.63500,71.99560268
36.64000,72.00543599
36.64500,72.01526973
36.65000,72.02510329
36.65500,72.03493665
36.66000,72.04476967
36.66500,72.05460219
36.67000,72.06443363
36.67500,72.07426458
36.68000,72.08409486
36.68500,72.09392463
36.69000,72.10375338
36.69500,72.11358134
36.70000,72.12340839
36.70500,72.13323433
36.71000,72.14305904
36.71500,72.15288259
36.72000,72.16270535
36.72500,72.17252712
36.73000,72.18234778
36.73500,72.19216728
36.74000,72.20198602
36.74500,72.21180398
36.75000,72.22162103
36.75500,72.23143739
36.76000,72.24125291
36.76500,72.25106759
36.77000,72.26088121
36.77500,72.27069445
36.78000,72.28050839
36.78500,72.29032372
36.79000,72.30014120
36.79500,72.30996114
36.80000,72.31978473
36.80500,72.32961181
36.81000,72.33944291
36.81500,72.34927806
36.82000,72.35911793
36.82500,72.36896235
36.83000,72.37881129
36.83500,72.38866500
36.84000,72.39852340
36.84500,72.40838661
36.85000,72.41825428
36.85500,72.42812664
36.86000,72.43800301
36.86500,72.44788339
36.87000,72.45776707
36.87500,72.46765429
36.88000,72.47754445
36.88500,72.48743715
36.89000,72.49733177
36.89500,72.50722813
36.90000,72.51712586
36.90500,72.52702413
36.91000,72.53692244
36.91500,72.54682042
36.92000,72.55671778
36.92500,72.56661436
36.93000,72.57651004
36.93500,72.58640510
36.94000,72.59629943
36.94500,72.60619279
36.95000,72.61608501
36.95500,72.62597620
36.96000,72.63586657
36.96500,72.64575586
36.97000,72.65564429
36.97500,72.66553152
36.98000,72.67541781
36.98500,72.68530318
36.99000,72.69518844
36.99500,72.70507379
37.00000,72.71495964
37.00500,72.72484548
37.01000,72.73473147
37.01500,72.74461699
37.02000,72.75450234
37.02500,72.76438674
37.03000,72.77427022
37.03500,72.78415234
37.04000,72.79403326
37.04500,72.80391323
37.05000,72.81379223
37.05500,72.82367031
37.06000,72.83354741
37.06500,72.84342406
37.07000,72.85330006
37.07500,72.86317537
37.08000,72.87304966
37.08500,72.88292298
37.09000,72.89279577
37.09500,72.90266789
37.10000,72.91253935
37.10500,72.92241008
37.11000,72.93228045
37.11500,72.94214996
37.12000,72.95201836
37.12500,72.96188590
37.13000,72.97175278
37.13500,72.98161882
37.14000,72.99148359
37.14500,73.00134746
37.15000,73.01121045
37.15500,73.02107236
37.16000,73.03093335
37.16500,73.04079367
37.17000,73.05065398
37.17500,73.06051409
37.18000,73.07037434
37.18500,73.08023456
37.19000,73.09009530
37.19500,73.09995610
37.20000,73.10981695
37.20500,73.11967789
37.21000,73.12953931
37.21500,73.13940104
37.22000,73.14926292
37.22500,73.15912580
37.23000,73.16898955
37.23500,73.17885388
37.24000,73.18871840
37.24500,73.19858381
37.25000,73.20845008
37.25500,73.21831651
37.26000,73.22818255
37.26500,73.23804861
37.27000,73.24791487
37.27500,73.25778055
37.28000,73.26764494
37.28500,73.27750822
37.29000,73.28737089
37.29500,73.29723260
37.30000,73.30709260
37.30500,73.31695081
37.31000,73.32680794
37.31500,73.33666377
37.32000,73.34651806
37.32500,73.35637059
37.33000,73.36622203
37.33500,73.37607257
37.34000,73.38592176
37.34500,73.39576962
37.35000,73.40561655
37.35500,73.41546291
37.36000,73.42530844
37.36500,73.43515344
37.37000,73.44499828
37.37500,73.45484325
37.38000,73.46468791
37.38500,73.47453219
37.39000,73.48437579
37.39500,73.49421879
37.40000,73.50406046
37.40500,73.51390026
37.41000,73.52373837
37.41500,73.53357494
37.42000,73.54341002
37.42500,73.55324298
37.43000,73.56307440
37.43500,73.57290418
37.44000,73.58273269
37.44500,73.59256011
37.45000,73.60238755
37.45500,73.61221567
37.46000,73.62204461
37.46500,73.63187476
37.47000,73.64170654
37.47500,73.65154023
37.48000,73.66137547
37.48500,73.67121225
37.49000,73.68105047
37.49500,73.69089067
37.50000,73.70073252
37.50500,73.71057596
37.51000,73.72042084
37.51500,73.73026744
37.52000,73.74011527
37.52500,73.74996404
37.53000,73.75981381
37.53500,73.76966454
37.54000,73.77951601
37.54500,73.78936802
37.55000,73.79922055
37.55500,73.80907360
37.56000,73.81892708
37.56500,73.82878073
37.57000,73.83863503
37.57500,73.84849006
37.58000,73.85834580
37.58500,73.86820144
37.59000,73.87805731
37.59500,73.88791318
37.60000,73.89776876
37.60500,73.90762331
37.61000,73.91747720
37.61500,73.92733082
37.62000,73.93718436
37.62500,73.94703753
37.63000,73.95688997
37.63500,73.96674233
37.64000,73.97659449
37.64500,73.98644653
37.65000,73.99629785
37.65500,74.00614853
37.66000,74.01599825
37.66500,74.02584685
37.67000,74.03569398
37.67500,74.04553971
37.68000,74.05538445
37.68500,74.06522822
37.69000,74.07507148
37.69500,74.08491441
37.70000,74.09475708
37.70500,74.10459929
37.71000,74.11444073
37.71500,74.12428140
37.72000,74.13412102
37.72500,74.14396035
37.73000,74.15379911
37.73500,74.16363801
37.74000,74.17347722
37.74500,74.18331762
37.75000,74.19315886
37.75500,74.20300066
37.76000,74.21284285
37.76500,74.22268524
37.77000,74.23252776
37.77500,74.24236945
37.78000,74.25221072
37.78500,74.26205141
37.79000,74.27189175
37.79500,74.28173127
37.80000,74.29157022
37.80500,74.30140865
37.81000,74.31124615
37.81500,74.32108242
37.82000,74.33091700
37.82500,74.34075021
37.83000,74.35058183
37.83500,74.36041222
37.84000,74.37024164
37.84500,74.38007061
37.85000,74.38989903
37.85500,74.39972724
37.86000,74.40955572
37.86500,74.41938483
37.87000,74.42921477
37.87500,74.43904566
37.88000,74.44887779
37.88500,74.45871119
37.89000,74.46854602
37.89500,74.47838261
37.90000,74.48822159
37.90500,74.49806359
37.91000,74.50790887
37.91500,74.51775777
37.92000,74.52761072
37.92500,74.53746801
37.93000,74.54732989
37.93500,74.55719649
37.94000,74.56706812
37.94500,74.57694486
37.95000,74.58682693
37.95500,74.59671451
37.96000,74.60660799
37.96500,74.61650685
37.97000,74.62641106
37.97500,74.63632029
37.98000,74.64623446
37.98500,74.65615304
37.99000,74.66607562
37.99500,74.67600192
38.00000,74.68593180
38.00500,74.69586516
38.01000,74.70580134
38.01500,74.71574048
38.02000,74.72568299
38.02500,74.73562823
38.03000,74.74557601
38.03500,74.75552652
38.04000,74.76548077
38.04500,74.77543799
38.05000,74.78539745
38.05500,74.79535876
38.06000,74.80532218
38.06500,74.81528776
38.07000,74.82525450
38.07500,74.83522295
38.08000,74.84519309
38.08500,74.85516554
38.09000,74.86513940
38.09500,74.87511533
38.10000,74.88509345
38.10500,74.89507432
38.11000,74.90505725
38.11500,74.91504290
38.12000,74.92503121
38.12500,74.93502222
38.13000,74.94501500
38.13500,74.95500973
38.14000,74.96500654
38.14500,74.97500552
38.15000,74.98500633
38.15500,74.99500906
38.16000,75.00501436
38.16500,75.01502202
38.17000,75.02503172
38.17500,75.03504303
38.18000,75.04505610
38.18500,75.05507058
38.19000,75.06508611
38.19500,75.07510224
38.20000,75.08511945
38.20500,75.09513767
38.21000,75.10515641
38.21500,75.11517561
38.22000,75.12519566
38.22500,75.13521649
38.23000,75.14523753
38.23500,75.15525884
38.24000,75.16528085
38.24500,75.17530379
38.25000,75.18532758
38.25500,75.19535268
38.26000,75.20537931
38.26500,75.21540738
38.27000,75.22543659
38.27500,75.23546723
38.28000,75.24549972
38.28500,75.25553380
38.29000,75.26556983
38.29500,75.27560816
38.30000,75.28564934
38.30500,75.29569297
38.31000,75.30573941
38.31500,75.31578871
38.32000,75.32584156
38.32500,75.33589732
38.33000,75.34595563
38.33500,75.35601621
38.34000,75.36607967
38.34500,75.37614556
38.35000,75.38621376
38.35500,75.39628412
38.36000,75.40635752
38.36500,75.41643383
38.37000,75.42651298
38.37500,75.43659453
38.38000,75.44667902
38.38500,75.45676612
38.39000,75.46685535
38.39500,75.47694630
38.40000,75.48703934
38.40500,75.49713477
38.41000,75.50723252
38.41500,75.51733258
38.42000,75.52743531
38.42500,75.53754104
38.43000,75.54764918
38.43500,75.55775958
38.44000,75.56787190
38.44500,75.57798645
38.45000,75.58810268
38.45500,75.59822022
38.46000,75.60833879
38.46500,75.61845824
38.47000,75.62857819
38.47500,75.63869797
38.48000,75.64881748
38.48500,75.65893691
38.49000,75.66905665
38.49500,75.67917656
38.50000,75.68929661
38.50500,75.69941661
38.51000,75.70953657
38.51500,75.71965647
38.52000,75.72977601
38.52500,75.73989537
38.53000,75.75001422
38.53500,75.76013277
38.54000,75.77025057
38.54500,75.78036804
38.55000,75.79048489
38.55500,75.80060159
38.56000,75.81071860
38.56500,75.82083680
38.57000,75.83095664
38.57500,75.84107818
38.58000,75.85120126
38.58500,75.86132607
38.59000,75.87145268
38.59500,75.88158101
38.60000,75.89171102
38.60500,75.90184296
38.61000,75.91197716
38.61500,75.92211339
38.62000,75.93225176
38.62500,75.94239218
38.63000,75.95253516
38.63500,75.96268078
38.64000,75.97282872
38.64500,75.98297931
38.65000,75.99313259
38.65500,76.00328941
38.66000,76.01344918
38.66500,76.02361246
38.67000,76.03377834
38.67500,76.04394752
38.68000,76.05411870
38.68500,76.06429243
38.69000,76.07446744
38.69500,76.08464433
38.70000,76.09482200
38.70500,76.10500066
38.71000,76.11517900
38.71500,76.12535763
38.72000,76.13553594
38.72500,76.14571432
38.73000,76.15589136
38.73500,76.16606776
38.74000,76.17624268
38.74500,76.18641684
38.75000,76.19658930
38.75500,76.20676071
38.76000,76.21693071
38.76500,76.22710001
38.77000,76.23726838
38.77500,76.24743655
38.78000,76.25760449
38.78500,76.26777254
38.79000,76.27794062
38.79500,76.28810930
38.80000,76.29827868
38.80500,76.30844935
38.81000,76.31862118
38.81500,76.32879473
38.82000,76.33896987
38.82500,76.34914655
38.83000,76.35932397
38.83500,76.36950192
38.84000,76.37967993
38.84500,76.38985812
38.85000,76.40003625
38.85500,76.41021438
38.86000,76.42039246
38.86500,76.43057053
38.87000,76.44074906
38.87500,76.45092834
38.88000,76.46110883
38.88500,76.47129043
38.89000,76.48147295
38.89500,76.49165607
38.90000,76.50183976
38.90500,76.51202341
38.91000,76.52220720
38.91500,76.53239079
38.92000,76.54257447
38.92500,76.55275776
38.93000,76.56294051
38.93500,76.57312234
38.94000,76.58330322
38.94500,76.59348259
38.95000,76.60366044
38.95500,76.61383674
38.96000,76.62401169
38.96500,76.63418443
38.97000,76.64435474
38.97500,76.65452228
38.98000,76.66468742
38.98500,76.67484952
38.99000,76.68500886
38.99500,76.69516533
39.00000,76.70531926
39.00500,76.71547037
39.01000,76.72561881
39.01500,76.73576506
39.02000,76.74590939
39.02500,76.75605175
39.03000,76.76619254
39.03500,76.77633208
39.04000,76.78647119
39.04500,76.79660987
39.05000,76.80674842
39.05500,76.81688684
39.06000,76.82702624
39.06500,76.83716648
39.07000,76.84730794
39.07500,76.85745023
39.08000,76.86759360
39.08500,76.87773821
39.09000,76.88788447
39.09500,76.89803300
39.10000,76.90818352
39.10500,76.91833664
39.11000,76.92849128
39.11500,76.93864783
39.12000,76.94880491
39.12500,76.95896306
39.13000,76.96912125
39.13500,76.97927975
39.14000,76.98943730
39.14500,76.99959439
39.15000,77.00975081
39.15500,77.01990740
39.16000,77.03006397
39.16500,77.04022070
39.17000,77.05037738
39.17500,77.06053385
39.18000,77.07068943
39.18500,77.08084332
39.19000,77.09099552
39.19500,77.10114564
39.20000,77.11129275
39.20500,77.12143577
39.21000,77.13157402
39.21500,77.14170704
39.22000,77.15183375
39.22500,77.16195342
39.23000,77.17206538
39.23500,77.18217004
39.24000,77.19226720
39.24500,77.20235733
39.25000,77.21243969
39.25500,77.22251516
39.26000,77.23258320
39.26500,77.24264443
39.27000,77.25269906
39.27500,77.26274817
39.28000,77.27279242
39.28500,77.28283223
39.29000,77.29286840
39.29500,77.30290141
39.30000,77.31293171
39.30500,77.32295991
39.31000,77.33298633
39.31500,77.34301152
39.32000,77.35303574
39.32500,77.36306001
39.33000,77.37308450
39.33500,77.38310973
39.34000,77.39313541
39.34500,77.40316197
39.35000,77.41318938
39.35500,77.42321763
39.36000,77.43324677
39.36500,77.44327750
39.37000,77.45331066
39.37500,77.46334569
39.38000,77.47338236
39.38500,77.48342015
39.39000,77.49345914
39.39500,77.50349836
39.40000,77.51353712
39.40500,77.52357536
39.41000,77.53361323
39.41500,77.54365064
39.42000,77.55368673
39.42500,77.56372142
39.43000,77.57375477
39.43500,77.58378710
39.44000,77.59381771
39.44500,77.60384748
39.45000,77.61387645
39.45500,77.62390535
39.46000,77.63393290
39.46500,77.64395945
39.47000,77.65398464
39.47500,77.66400848
39.48000,77.67403030
39.48500,77.68404993
39.49000,77.69406705
39.49500,77.70408141
39.50000,77.71409247
39.50500,77.72410026
39.51000,77.73410440
39.51500,77.74410468
39.52000,77.75410065
39.52500,77.76409301
39.53000,77.77408215
39.53500,77.78406903
39.54000,77.79405393
39.54500,77.80403792
39.55000,77.81402111
39.55500,77.82400390
39.56000,77.83398589
39.56500,77.84396753
39.57000,77.85394884
39.57500,77.86393021
39.58000,77.87391167
39.58500,77.88389385
39.59000,77.89387688
39.59500,77.90386069
39.60000,77.91384479
39.60500,77.92382899
39.61000,77.93381315
39.61500,77.94379696
39.62000,77.95378050
39.62500,77.96376375
39.63000,77.97374679
39.63500,77.98372950
39.64000,77.99371168
39.64500,78.00369327
39.65000,78.01367375
39.65500,78.02365271
39.66000,78.03363001
39.66500,78.04360600
39.67000,78.05358094
39.67500,78.06355492
39.68000,78.07352785
39.68500,78.08350002
39.69000,78.09347107
39.69500,78.10344143
39.70000,78.11341102
39.70500,78.12338069
39.71000,78.13334964
39.71500,78.14331877
39.72000,78.15328783
39.72500,78.16325777
39.73000,78.17322779
39.73500,78.18319861
39.74000,78.19316984
39.74500,78.20314175
39.75000,78.21311363
39.75500,78.22308536
39.76000,78.23305688
39.76500,78.24302805
39.77000,78.25299878
39.77500,78.26296848
39.78000,78.27293756
39.78500,78.28290579
39.79000,78.29287335
39.79500,78.30283966
39.80000,78.31280447
39.80500,78.32276779
39.81000,78.33272944
39.81500,78.34269025
39.82000,78.35265001
39.82500,78.36260992
39.83000,78.37256995
39.83500,78.38253045
39.84000,78.39249144
39.84500,78.40245295
39.85000,78.41241507
39.85500,78.42237753
39.86000,78.43234036
39.86500,78.44230309
39.87000,78.45226675
39.87500,78.46223095
39.88000,78.47219634
39.88500,78.48216187
39.89000,78.49212823
39.89500,78.50209462
39.90000,78.51206130
39.90500,78.52202718
39.91000,78.53199271
39.91500,78.54195743
39.92000,78.55192175
39.92500,78.56188514
39.93000,78.57184813
39.93500,78.58180977
39.94000,78.59176987
39.94500,78.60172730
39.95000,78.61168175
39.95500,78.62163267
39.96000,78.63158017
39.96500,78.64152440
39.97000,78.65146534
39.97500,78.66140343
39.98000,78.67133832
39.98500,78.68127042
39.99000,78.69119923
39.99500,78.70112566
40.00000,78.71104902
40.00500,78.72096995
40.01000,78.73088801
40.01500,78.74080414
40.02000,78.75071760
40.02500,78.76062890
40.03000,78.77053751
40.03500,78.78044345
40.04000,78.79034611
40.04500,78.80024535
40.05000,78.81014127
40.05500,78.82003380
40.06000,78.82992363
40.06500,78.83981094
40.07000,78.84969646
40.07500,78.85958041
40.08000,78.86946330
40.08500,78.87934512
40.09000,78.88922596
40.09500,78.89910581
40.10000,78.90898515
40.10500,78.91886427
40.11000,78.92874330
40.11500,78.93862179
40.12000,78.94849995
40.12500,78.95837733
40.13000,78.96825439
40.13500,78.97812969
40.14000,78.98800304
40.14500,78.99787385
40.15000,79.00774245
40.15500,79.01760834
40.16000,79.02747129
40.16500,79.03733183
40.17000,79.04719017
40.17500,79.05704647
40.18000,79.06690029
40.18500,79.07675179
40.19000,79.08660067
40.19500,79.09644655
40.20000,79.10628906
40.20500,79.11612868
40.21000,79.12596670
40.21500,79.13580368
40.22000,79.14563980
40.22500,79.15547550
40.23000,79.16531138
40.23500,79.17514746
40.24000,79.18498336
40.24500,79.19481948
40.25000,79.20465646
40.25500,79.21449444
40.26000,79.22433351
40.26500,79.23417364
40.27000,79.24401585
40.27500,79.25385992
40.28000,79.26370543
40.28500,79.27355183
40.29000,79.28340014
40.29500,79.29325067
40.30000,79.30310277
40.30500,79.31295667
40.31000,79.32281267
40.31500,79.33267209
40.32000,79.34253418
40.32500,79.35239945
40.33000,79.36226810
40.33500,79.37214122
40.34000,79.38201813
40.34500,79.39189812
40.35000,79.40178141
40.35500,79.41166760
40.36000,79.42155682
40.36500,79.43144800
40.37000,79.44134185
40.37500,79.45123794
40.38000,79.46113702
40.38500,79.47103820
40.39000,79.48094136
40.39500,79.49084589
40.40000,79.50075175
40.40500,79.51065850
40.41000,79.52056575
40.41500,79.53047345
40.42000,79.54038156
40.42500,79.55029042
40.43000,79.56019986
40.43500,79.57010977
40.44000,79.58002036
40.44500,79.58993184
40.45000,79.59984397
40.45500,79.60975573
40.46000,79.61966742
40.46500,79.62957904
40.47000,79.63949107
40.47500,79.64940296
40.48000,79.65931564
40.48500,79.66922942
40.49000,79.67914506
40.49500,79.68906198
40.50000,79.69898054
40.50500,79.70890043
40.51000,79.71882194
40.51500,79.72874382
40.52000,79.73866563
40.52500,79.74858690
40.53000,79.75850750
40.53500,79.76842728
40.54000,79.77834520
40.54500,79.78826173
40.55000,79.79817689
40.55500,79.80809098
40.56000,79.81800366
40.56500,79.82791521
40.57000,79.83782589
40.57500,79.84773522
40.58000,79.85764278
40.58500,79.86754803
40.59000,79.87745162
40.59500,79.88735338
40.60000,79.89725376
40.60500,79.90715315
40.61000,79.91705239
40.61500,79.92695187
40.62000,79.93685161
40.62500,79.94675168
40.63000,79.95665241
40.63500,79.96655403
40.64000,79.97645604
40.64500,79.98635901
40.65000,79.99626351
40.65500,80.00617020
40.66000,80.01607858
40.66500,80.02598857
40.67000,80.03590016
40.67500,80.04581401
40.68000,80.05572987
40.68500,80.06564771
40.69000,80.07556743
40.69500,80.08548946
40.70000,80.09541397
40.70500,80.10534134
40.71000,80.11527198
40.71500,80.12520608
40.72000,80.13514364
40.72500,80.14508446
40.73000,80.15502809
40.73500,80.16497427
40.74000,80.17492283
40.74500,80.18487319
40.75000,80.19482456
40.75500,80.20477605
40.76000,80.21472767
40.76500,80.22467934
40.77000,80.23463152
40.77500,80.24458335
40.78000,80.25453549
40.78500,80.26448701
40.79000,80.27443864
40.79500,80.28438930
40.80000,80.29433966
40.80500,80.30428906
40.81000,80.31423762
40.81500,80.32418458
40.82000,80.33412982
40.82500,80.34407386
40.83000,80.35401708
40.83500,80.36395988
40.84000,80.37390195
40.84500,80.38384450
40.85000,80.39378754
40.85500,80.40373184
40.86000,80.41367671
40.86500,80.42362312
40.87000,80.43357088
40.87500,80.44352077
40.88000,80.45347212
40.88500,80.46342598
40.89000,80.47338218
40.89500,80.48334158
40.90000,80.49330317
40.90500,80.50326754
40.91000,80.51323430
40.91500,80.52320360
40.92000,80.53317413
40.92500,80.54314606
40.93000,80.55311923
40.93500,80.56309391
40.94000,80.57306942
40.94500,80.58304515
40.95000,80.59302117
40.95500,80.60299736
40.96000,80.61297325
40.96500,80.62294889
40.97000,80.63292459
40.97500,80.64290064
40.98000,80.65287629
40.98500,80.66285150
40.99000,80.67282650
40.99500,80.68280211
41.00000,80.69277842
41.00500,80.70275606
41.01000,80.71273549
41.01500,80.72271708
41.02000,80.73270058
41.02500,80.74268592
41.03000,80.75267330
41.03500,80.76266307
41.04000,80.77265532
41.04500,80.78265033
41.05000,80.79264832
41.05500,80.80264926
41.06000,80.81265226
41.06500,80.82265719
41.07000,80.83266342
41.07500,80.84267089
41.08000,80.85267887
41.08500,80.86268746
41.09000,80.87269625
41.09500,80.88270556
41.10000,80.89271502
41.10500,80.90272466
41.11000,80.91273417
41.11500,80.92274377
41.12000,80.93275323
41.12500,80.94276273
41.13000,80.95277251
41.13500,80.96278267
41.14000,80.97279330
41.14500,80.98280396
41.15000,80.99281465
41.15500,81.00282507
41.16000,81.01283527
41.16500,81.02284525
41.17000,81.03285497
41.17500,81.04286406
41.18000,81.05287185
41.18500,81.06287859
41.19000,81.07288395
41.19500,81.08288797
41.20000,81.09288973
41.20500,81.10288957
41.21000,81.11288679
41.21500,81.12288126
41.22000,81.13287225
41.22500,81.14285969
41.23000,81.15284352
41.23500,81.16282378
41.24000,81.17280045
41.24500,81.18277330
41.25000,81.19274264
41.25500,81.20270866
41.26000,81.21267115
41.26500,81.22263041
41.27000,81.23258666
41.27500,81.24254048
41.28000,81.25249204
41.28500,81.26244188
41.29000,81.27238995
41.29500,81.28233655
41.30000,81.29228176
41.30500,81.30222607
41.31000,81.31216905
41.31500,81.32211038
41.32000,81.33204967
41.32500,81.34198721
41.33000,81.35192317
41.33500,81.36185728
41.34000,81.37178942
41.34500,81.38171988
41.35000,81.39164861
41.35500,81.40157547
41.36000,81.41150049
41.36500,81.42142369
41.37000,81.43134459
41.37500,81.44126283
41.38000,81.45117844
41.38500,81.46109177
41.39000,81.47100282
41.39500,81.48091168
41.40000,81.49081802
41.40500,81.50072201
41.41000,81.51062361
41.41500,81.52052315
41.42000,81.53042115
41.42500,81.54031754
41.43000,81.55021302
41.43500,81.56010751
41.44000,81.57000168
41.44500,81.57989527
41.45000,81.58978849
41.45500,81.59968063
41.46000,81.60957169
41.46500,81.61946125
41.47000,81.62934957
41.47500,81.63923634
41.48000,81.64912157
41.48500,81.65900526
41.49000,81.66888800
41.49500,81.67877010
41.50000,81.68865207
41.50500,81.69853422
41.51000,81.70841751
41.51500,81.71830213
41.52000,81.72818805
41.52500,81.73807470
41.53000,81.74796248
41.53500,81.75785219
41.54000,81.76774397
41.54500,81.77763809
41.55000,81.78753449
41.55500,81.79743393
41.56000,81.80733623
41.56500,81.81724147
41.57000,81.82714889
41.57500,81.83705876
41.58000,81.84697112
41.58500,81.85688619
41.59000,81.86680394
41.59500,81.87672474
41.60000,81.88664902
41.60500,81.89657665
41.61000,81.90650704
41.61500,81.91643970
41.62000,81.92637379
41.62500,81.93630908
41.63000,81.94624427
41.63500,81.95617932
41.64000,81.96611327
41.64500,81.97604614
41.65000,81.98597694
41.65500,81.99590611
41.66000,82.00583333
41.66500,82.01575852
41.67000,82.02568116
41.67500,82.03560094
41.68000,82.04551824
41.68500,82.05543265
41.69000,82.06534415
41.69500,82.07525274
41.70000,82.08515928
41.70500,82.09506394
41.71000,82.10496652
41.71500,82.11486703
41.72000,82.12476588
41.72500,82.13466362
41.73000,82.14456029
41.73500,82.15445623
41.74000,82.16435179
41.74500,82.17424706
41.75000,82.18414199
41.75500,82.19403614
41.76000,82.20393008
41.76500,82.21382343
41.77000,82.22371623
41.77500,82.23360754
41.78000,82.24349771
41.78500,82.25338570
41.79000,82.26327136
41.79500,82.27315371
41.80000,82.28303289
41.80500,82.29290824
41.81000,82.30277974
41.81500,82.31264769
41.82000,82.32251242
41.82500,82.33237435
41.83000,82.34223300
41.83500,82.35208860
41.84000,82.36194156
41.84500,82.37179258
41.85000,82.38164155
41.85500,82.39148889
41.86000,82.40133531
41.86500,82.41118107
41.87000,82.42102636
41.87500,82.43087027
41.88000,82.44071312
41.88500,82.45055402
41.89000,82.46039383
41.89500,82.47023164
41.90000,82.48006877
41.90500,82.48990414
41.91000,82.49973882
41.91500,82.50957146
41.92000,82.51940299
41.92500,82.52923252
41.93000,82.53906057
41.93500,82.54888661
41.94000,82.55871120
41.94500,82.56853416
41.95000,82.57835619
41.95500,82.58817766
41.96000,82.59799910
41.96500,82.60782052
41.97000,82.61764243
41.97500,82.62746493
41.98000,82.63728914
41.98500,82.64711543
41.99000,82.65694452
41.99500,82.66677608
42.00000,82.67661036
42.00500,82.68644745
42.01000,82.69628776
42.01500,82.70613194
42.02000,82.71598042
42.02500,82.72583310
42.03000,82.73568970
42.03500,82.74555050
42.04000,82.75541516
42.04500,82.76528316
42.05000,82.77515393
42.05500,82.78502745
42.06000,82.79490296
42.06500,82.80478004
42.07000,82.81465784
42.07500,82.82453674
42.08000,82.83441567
42.08500,82.84429450
42.09000,82.85417242
42.09500,82.86405014
42.10000,82.87392666
42.10500,82.88380203
42.11000,82.89367603
42.11500,82.90354903
42.12000,82.91342133
42.12500,82.92329235
42.13000,82.93316274
42.13500,82.94303222
42.14000,82.95290196
42.14500,82.96277147
42.15000,82.97264126
42.15500,82.98251127
42.16000,82.99238216
42.16500,83.00225387
42.17000,83.01212589
42.17500,83.02199882
42.18000,83.03187298
42.18500,83.04174902
42.19000,83.05162674
42.19500,83.06150627
42.20000,83.07138738
42.20500,83.08126967
42.21000,83.09115276
42.21500,83.10103612
42.22000,83.11092006
42.22500,83.12080470
42.23000,83.13069033
42.23500,83.14057698
42.24000,83.15046526
42.24500,83.16035516
42.25000,83.17024679
42.25500,83.18013955
42.26000,83.19003352
42.26500,83.19992868
42.27000,83.20982589
42.27500,83.21972498
42.28000,83.22962612
42.28500,83.23952922
42.29000,83.24943467
42.29500,83.25934220
42.30000,83.26925192
42.30500,83.27916416
42.31000,83.28907902
42.31500,83.29899652
42.32000,83.30891618
42.32500,83.31883845
42.33000,83.32876323
42.33500,83.33869050
42.34000,83.34861959
42.34500,83.35855020
42.35000,83.36848240
42.35500,83.37841601
42.36000,83.38835058
42.36500,83.39828579
42.37000,83.40822128
42.37500,83.41815745
42.38000,83.42809352
42.38500,83.43802989
42.39000,83.44796614
42.39500,83.45790335
42.40000,83.46784092
42.40500,83.47777958
42.41000,83.48771903
42.41500,83.49766017
42.42000,83.50760211
42.42500,83.51754509
42.43000,83.52748897
42.43500,83.53743442
42.44000,83.54738114
42.44500,83.55732870
42.45000,83.56727725
42.45500,83.57722734
42.46000,83.58717900
42.46500,83.59713160
42.47000,83.60708545
42.47500,83.61704085
42.48000,83.62699778
42.48500,83.63695586
42.49000,83.64691482
42.49500,83.65687479
42.50000,83.66683517
42.50500,83.67679616
42.51000,83.68675758
42.51500,83.69672024
42.52000,83.70668353
42.52500,83.71664794
42.53000,83.72661308
42.53500,83.73657957
42.54000,83.74654683
42.54500,83.75651585
42.55000,83.76648644
42.55500,83.77645936
42.56000,83.78643453
42.56500,83.79641214
42.57000,83.80639221
42.57500,83.81637423
42.58000,83.82635846
42.58500,83.83634456
42.59000,83.84633324
42.59500,83.85632403
42.60000,83.86631737
42.60500,83.87631233
42.61000,83.88630951
42.61500,83.89630825
42.62000,83.90630869
42.62500,83.91631018
42.63000,83.92631288
42.63500,83.93631637
42.64000,83.94632024
42.64500,83.95632364
42.65000,83.96632620
42.65500,83.97632780
42.66000,83.98632826
42.66500,83.99632705
42.67000,84.00632427
42.67500,84.01631961
42.68000,84.02631299
42.68500,84.03630367
42.69000,84.04629223
42.69500,84.05627843
42.70000,84.06626268
42.70500,84.07624450
42.71000,84.08622521
42.71500,84.09620443
42.72000,84.10618328
42.72500,84.11616126
42.73000,84.12613934
42.73500,84.13611770
42.74000,84.14609680
42.74500,84.15607695
42.75000,84.16605788
42.75500,84.17604022
42.76000,84.18602394
42.76500,84.19600933
42.77000,84.20599538
42.77500,84.21598170
42.78000,84.22596722
42.78500,84.23595129
42.79000,84.24593260
42.79500,84.25591047
42.80000,84.26588499
42.80500,84.27585630
42.81000,84.28582503
42.81500,84.29579160
42.82000,84.30575664
42.82500,84.31572095
42.83000,84.32568467
42.83500,84.33564861
42.84000,84.34561245
42.84500,84.35557706
42.85000,84.36554235
42.85500,84.37550932
42.86000,84.38547786
42.86500,84.39544840
42.87000,84.40542076
42.87500,84.41539607
42.88000,84.42537433
42.88500,84.43535600
42.89000,84.44534059
42.89500,84.45532856
42.90000,84.46531920
42.90500,84.47531193
42.91000,84.48530584
42.91500,84.49530061
42.92000,84.50529537
42.92500,84.51528975
42.93000,84.52528270
42.93500,84.53527430
42.94000,84.54526450
42.94500,84.55525362
42.95000,84.56524105
42.95500,84.57522714
42.96000,84.58521169
42.96500,84.59519539
42.97000,84.60517792
42.97500,84.61516011
42.98000,84.62514199
42.98500,84.63512413
42.99000,84.64510647
42.99500,84.65508902
43.00000,84.66507213
43.00500,84.67505583
43.01000,84.68504042
43.01500,84.69502593
43.02000,84.70501257
43.02500,84.71500012
43.03000,84.72498837
43.03500,84.73497728
43.04000,84.74496657
43.04500,84.75495620
43.05000,84.76494588
43.05500,84.77493607
43.06000,84.78492696
43.06500,84.79491878
43.07000,84.80491181
43.07500,84.81490552
43.08000,84.82490026
43.08500,84.83489513
43.09000,84.84489037
43.09500,84.85488491
43.10000,84.86487944
43.10500,84.87487359
43.11000,84.88486871
43.11500,84.89486458
43.12000,84.90486188
43.12500,84.91486001
43.13000,84.92485877
43.13500,84.93485717
43.14000,84.94485543
43.14500,84.95485355
43.15000,84.96485106
43.15500,84.97484726
43.16000,84.98484225
43.16500,84.99483539
43.17000,85.00482627
43.17500,85.01481352
43.18000,85.02479678
43.18500,85.03477635
43.19000,85.04475213
43.19500,85.05472432
43.20000,85.06469259
43.20500,85.07465760
43.21000,85.08461899
43.21500,85.09457753
43.22000,85.10453295
43.22500,85.11448625
43.23000,85.12443747
43.23500,85.13438734
43.24000,85.14433600
43.24500,85.15428409
43.25000,85.16423172
43.25500,85.17417895
43.26000,85.18412569
43.26500,85.19407208
43.27000,85.20401833
43.27500,85.21396486
43.28000,85.22391207
43.28500,85.23385948
43.29000,85.24380750
43.29500,85.25375546
43.30000,85.26370349
43.30500,85.27365068
43.31000,85.28359720
43.31500,85.29354305
43.32000,85.30348818
43.32500,85.31343204
43.33000,85.32337445
43.33500,85.33331549
43.34000,85.34325422
43.34500,85.35319026
43.35000,85.36312322
43.35500,85.37305390
43.36000,85.38298245
43.36500,85.39290886
43.37000,85.40283258
43.37500,85.41275365
43.38000,85.42267245
43.38500,85.43258888
43.39000,85.44250338
43.39500,85.45241659
43.40000,85.46232924
43.40500,85.47224115
43.41000,85.48215248
43.41500,85.49206368
43.42000,85.50197484
43.42500,85.51188537
43.43000,85.52179486
43.43500,85.53170325
43.44000,85.54161035
43.44500,85.55151567
43.45000,85.56141960
43.45500,85.57132238
43.46000,85.58122457
43.46500,85.59112566
43.47000,85.60102579
43.47500,85.61092435
43.48000,85.62082152
43.48500,85.63071642
43.49000,85.64060881
43.49500,85.65049858
43.50000,85.66038552
43.50500,85.67026928
43.51000,85.68014901
43.51500,85.69002502
43.52000,85.69989663
43.52500,85.70976411
43.53000,85.71962647
43.53500,85.72948442
43.54000,85.73933775
43.54500,85.74918649
43.55000,85.75902989
43.55500,85.76886792
43.56000,85.77870080
43.56500,85.78852890
43.57000,85.79835282
43.57500,85.80817340
43.58000,85.81799124
43.58500,85.82780651
43.59000,85.83761978
43.59500,85.84743150
43.60000,85.85724225
43.60500,85.86705186
43.61000,85.87686096
43.61500,85.88666952
43.62000,85.89647745
43.62500,85.90628393
43.63000,85.91608966
43.63500,85.92589484
43.64000,85.93569957
43.64500,85.94550332
43.65000,85.95530645
43.65500,85.96510950
43.66000,85.97491276
43.66500,85.98471609
43.67000,85.99451975
43.67500,86.00432387
43.68000,86.01412810
43.68500,86.02393214
43.69000,86.03373616
43.69500,86.04354051
43.70000,86.05334529
43.70500,86.06315115
43.71000,86.07295898
43.71500,86.08276983
43.72000,86.09258353
43.72500,86.10240044
43.73000,86.11222053
43.73500,86.12204476
43.74000,86.13187204
43.74500,86.14170279
43.75000,86.15153640
43.75500,86.16137387
43.76000,86.17121427
43.76500,86.18105764
43.77000,86.19090336
43.77500,86.20075156
43.78000,86.21060128
43.78500,86.22045157
43.79000,86.23030274
43.79500,86.24015472
43.80000,86.25000730
43.80500,86.25985953
43.81000,86.26971180
43.81500,86.27956410
43.82000,86.28941682
43.82500,86.29926918
43.83000,86.30912160
43.83500,86.31897409
43.84000,86.32882694
43.84500,86.33867916
43.85000,86.34853116
43.85500,86.35838299
43.86000,86.36823559
43.86500,86.37808869
43.87000,86.38794366
43.87500,86.39780082
43.88000,86.40766077
43.88500,86.41752288
43.89000,86.42738684
43.89500,86.43725266
43.90000,86.44712065
43.90500,86.45699089
43.91000,86.46686333
43.91500,86.47673840
43.92000,86.48661627
43.92500,86.49649669
43.93000,86.50637963
43.93500,86.51626527
43.94000,86.52615368
43.94500,86.53604467
43.95000,86.54593858
43.95500,86.55583517
43.96000,86.56573465
43.96500,86.57563607
43.97000,86.58553923
43.97500,86.59544371
43.98000,86.60534970
43.98500,86.61525658
43.99000,86.62516374
43.99500,86.63507080
44.00000,86.64497718
44.00500,86.65488194
44.01000,86.66478404
44.01500,86.67468252
44.02000,86.68457694
44.02500,86.69446701
44.03000,86.70435301
44.03500,86.71423524
44.04000,86.72411377
44.04500,86.73398857
44.05000,86.74385944
44.05500,86.75372634
44.06000,86.76358927
44.06500,86.77344846
44.07000,86.78330389
44.07500,86.79315590
44.08000,86.80300480
44.08500,86.81285116
44.09000,86.82269504
44.09500,86.83253659
44.10000,86.84237597
44.10500,86.85221338
44.11000,86.86204911
44.11500,86.87188290
44.12000,86.88171434
44.12500,86.89154333
44.13000,86.90136979
44.13500,86.91119335
44.14000,86.92101282
44.14500,86.93082825
44.15000,86.94063935
44.15500,86.95044644
44.16000,86.96024843
44.16500,86.97004572
44.17000,86.97983834
44.17500,86.98962717
44.18000,86.99941171
44.18500,87.00919244
44.19000,87.01896984
44.19500,87.02874478
44.20000,87.03851703
44.20500,87.04828659
44.21000,87.05805430
44.21500,87.06782102
44.22000,87.07758716
44.22500,87.08735279
44.23000,87.09711829
44.23500,87.10688468
44.24000,87.11665178
44.24500,87.12641988
44.25000,87.13618887
44.25500,87.14595992
44.26000,87.15573292
44.26500,87.16550833
44.27000,87.17528643
44.27500,87.18506776
44.28000,87.19485221
44.28500,87.20463910
44.29000,87.21442785
44.29500,87.22421803
44.30000,87.23400944
44.30500,87.24380128
44.31000,87.25359378
44.31500,87.26338704
44.32000,87.27318156
44.32500,87.28297675
44.33000,87.29277265
44.33500,87.30256900
44.34000,87.31236627
44.34500,87.32216393
44.35000,87.33196212
44.35500,87.34176098
44.36000,87.35156134
44.36500,87.36136249
44.37000,87.37116454
44.37500,87.38096784
44.38000,87.39077317
44.38500,87.40058084
44.39000,87.41039132
44.39500,87.42020487
44.40000,87.43002154
44.40500,87.43984179
44.41000,87.44966526
44.41500,87.45949206
44.42000,87.46932207
44.42500,87.47915581
44.43000,87.48899235
44.43500,87.49883155
44.44000,87.50867368
44.44500,87.51851924
44.45000,87.52836806
44.45500,87.53821991
44.46000,87.54807502
44.46500,87.55793354
44.47000,87.56779515
44.47500,87.57765892
44.48000,87.58752540
44.48500,87.59739440
44.49000,87.60726619
44.49500,87.61713887
44.50000,87.62701297
44.50500,87.63688772
44.51000,87.64676356
44.51500,87.65663845
44.52000,87.66651312
44.52500,87.67638746
44.53000,87.68626249
44.53500,87.69613674
44.54000,87.70601005
44.54500,87.71588302
44.55000,87.72575600
44.55500,87.73562821
44.56000,87.74549864
44.56500,87.75536818
44.57000,87.76523704
44.57500,87.77510490
44.58000,87.78497132
44.58500,87.79483750
44.59000,87.80470430
44.59500,87.81457116
44.60000,87.82443807
44.60500,87.83430494
44.61000,87.84417274
44.61500,87.85404016
44.62000,87.86390724
44.62500,87.87377355
44.63000,87.88364065
44.63500,87.89350773
44.64000,87.90337461
44.64500,87.91324059
44.65000,87.92310663
44.65500,87.93297257
44.66000,87.94283812
44.66500,87.95270319
44.67000,87.96256830
44.67500,87.97243340
44.68000,87.98229759
44.68500,87.99216065
44.69000,88.00202247
44.69500,88.01188343
44.70000,88.02174258
44.70500,88.03159919
44.71000,88.04145267
44.71500,88.05130308
44.72000,88.06114990
44.72500,88.07099338
44.73000,88.08083440
44.73500,88.09067392
44.74000,88.10051139
44.74500,88.11034673
44.75000,88.12017981
44.75500,88.13001088
44.76000,88.13984001
44.76500,88.14966645
44.77000,88.15949113
44.77500,88.16931421
44.78000,88.17913698
44.78500,88.18895867
44.79000,88.19878003
44.79500,88.20860094
44.80000,88.21842237
44.80500,88.22824369
44.81000,88.23806521
44.81500,88.24788710
44.82000,88.25770988
44.82500,88.26753355
44.83000,88.27735795
44.83500,88.28718276
44.84000,88.29700759
44.84500,88.30683196
44.85000,88.31665547
44.85500,88.32647739
44.86000,88.33629777
44.86500,88.34611627
44.87000,88.35593315
44.87500,88.36574779
44.88000,88.37556044
44.88500,88.38537073
44.89000,88.39517831
44.89500,88.40498304
44.90000,88.41478500
44.90500,88.42458477
44.91000,88.43438235
44.91500,88.44417845
44.92000,88.45397320
44.92500,88.46376749
44.93000,88.47356089
44.93500,88.48335361
44.94000,88.49314564
44.94500,88.50293765
44.95000,88.51272947
44.95500,88.52252037
44.96000,88.53231012
44.96500,88.54209860
44.97000,88.55188512
44.97500,88.56166859
44.98000,88.57144854
44.98500,88.58122484
44.99000,88.59099725
44.99500,88.60076485
45.00000,88.61052738
45.00500,88.62028509
45.01000,88.63003834
45.01500,88.63978692
45.02000,88.64953086
45.02500,88.65927103
45.03000,88.66900812
45.03500,88.67874149
45.04000,88.68847084
45.04500,88.69819695
45.05000,88.70792074
45.05500,88.71764267
45.06000,88.72736286
45.06500,88.73708199
45.07000,88.74680075
45.07500,88.75651899
45.08000,88.76623686
45.08500,88.77595460
45.09000,88.78567324
45.09500,88.79539246
45.10000,88.80511229
45.10500,88.81483292
45.11000,88.82455529
45.11500,88.83427958
45.12000,88.84400551
45.12500,88.85373318
45.13000,88.86346297
45.13500,88.87319477
45.14000,88.88292808
45.14500,88.89266268
45.15000,88.90239862
45.15500,88.91213543
45.16000,88.92187236
45.16500,88.93160927
45.17000,88.94134547
45.17500,88.95108092
45.18000,88.96081452
45.18500,88.97054717
45.19000,88.98027834
45.19500,88.99000828
45.20000,88.99973530
45.20500,89.00946027
45.21000,89.01918240
45.21500,89.02890190
45.22000,89.03861708
45.22500,89.04832799
45.23000,89.05803429
45.23500,89.06773527
45.24000,89.07743126
45.24500,89.08712223
45.25000,89.09680909
45.25500,89.10649128
45.26000,89.11616966
45.26500,89.12584399
45.27000,89.13551499
45.27500,89.14518233
45.28000,89.15484688
45.28500,89.16450895
45.29000,89.17416839
45.29500,89.18382525
45.30000,89.19347913
45.30500,89.20313020
45.31000,89.21277833
45.31500,89.22242358
45.32000,89.23206629
45.32500,89.24170677
45.33000,89.25134541
45.33500,89.26098183
45.34000,89.27061582
45.34500,89.28024690
45.35000,89.28987485
45.35500,89.29949951
45.36000,89.30912128
45.36500,89.31874059
45.37000,89.32835791
45.37500,89.33797389
45.38000,89.34758940
45.38500,89.35720517
45.39000,89.36682159
45.39500,89.37643835
45.40000,89.38605527
45.40500,89.39567201
45.41000,89.40528881
45.41500,89.41490567
45.42000,89.42452249
45.42500,89.43413944
45.43000,89.44375673
45.43500,89.45337528
45.44000,89.46299489
45.44500,89.47261563
45.45000,89.48223726
45.45500,89.49186012
45.46000,89.50148326
45.46500,89.51110647
45.47000,89.52073018
45.47500,89.53035489
45.48000,89.53998107
45.48500,89.54960840
45.49000,89.55923806
45.49500,89.56887022
45.50000,89.57850554
45.50500,89.58814370
45.51000,89.59778528
45.51500,89.60743061
45.52000,89.61707977
45.52500,89.62673290
45.53000,89.63639018
45.53500,89.64605206
45.54000,89.65571816
45.54500,89.66538838
45.55000,89.67506231
45.55500,89.68473994
45.56000,89.69442077
45.56500,89.70410411
45.57000,89.71378874
45.57500,89.72347453
45.58000,89.73316050
45.58500,89.74284680
45.59000,89.75253256
45.59500,89.76221813
45.60000,89.77190303
45.60500,89.78158759
45.61000,89.79127088
45.61500,89.80095326
45.62000,89.81063418
45.62500,89.82031384
45.63000,89.82999151
45.63500,89.83966763
45.64000,89.84934144
45.64500,89.85901353
45.65000,89.86868366
45.65500,89.87835265
45.66000,89.88802061
45.66500,89.89768836
45.67000,89.90735611
45.67500,89.91702399
45.68000,89.92669194
45.68500,89.93635991
45.69000,89.94602788
45.69500,89.95569547
45.70000,89.96536307
45.70500,89.97503078
45.71000,89.98469956
45.71500,89.99436912
45.72000,90.00403944
45.72500,90.01371013
45.73000,90.02338095
45.73500,90.03305132
45.74000,90.04272106
45.74500,90.05239069
45.75000,90.06206100
45.75500,90.07173220
45.76000,90.08140469
45.76500,90.09107879
45.77000,90.10075507
45.77500,90.11043323
45.78000,90.12011254
45.78500,90.12979255
45.79000,90.13947295
45.79500,90.14915368
45.80000,90.15883455
45.80500,90.16851589
45.81000,90.17819768
45.81500,90.18787983
45.82000,90.19756176
45.82500,90.20724375
45.83000,90.21692558
45.83500,90.22660707
45.84000,90.23628810
45.84500,90.24596867
45.85000,90.25564875
45.85500,90.26532838
45.86000,90.27500759
45.86500,90.28468657
45.87000,90.29436590
45.87500,90.30404649
45.88000,90.31372876
45.88500,90.32341322
45.89000,90.33310003
45.89500,90.34278916
45.90000,90.35248100
45.90500,90.36217585
45.91000,90.37187414
45.91500,90.38157532
45.92000,90.39127986
45.92500,90.40098711
45.93000,90.41069708
45.93500,90.42040851
45.94000,90.43012182
45.94500,90.43983565
45.95000,90.44955021
45.95500,90.45926470
45.96000,90.46897930
45.96500,90.47869299
45.97000,90.48840533
45.97500,90.49811600
45.98000,90.50782477
45.98500,90.51753116
45.99000,90.52723441
45.99500,90.53693475
46.00000,90.54663209
46.00500,90.55632679
46.01000,90.56601862
46.01500,90.57570830
46.02000,90.58539597
46.02500,90.59508189
46.03000,90.60476541
46.03500,90.61444723
46.04000,90.62412801
46.04500,90.63380806
46.05000,90.64348697
46.05500,90.65316476
46.06000,90.66284213
46.06500,90.67251897
46.07000,90.68219564
46.07500,90.69187097
46.08000,90.70154537
46.08500,90.71121840
46.09000,90.72089063
46.09500,90.73056128
46.10000,90.74023110
46.10500,90.74989989
46.11000,90.75956761
46.11500,90.76923306
46.12000,90.77889667
46.12500,90.78855821
46.13000,90.79821743
46.13500,90.80787325
46.14000,90.81752602
46.14500,90.82717549
46.15000,90.83682150
46.15500,90.84646327
46.16000,90.85610121
46.16500,90.86573493
46.17000,90.87536444
46.17500,90.88498877
46.18000,90.89460885
46.18500,90.90422505
46.19000,90.91383774
46.19500,90.92344653
46.20000,90.93305192
46.20500,90.94265438
46.21000,90.95225437
46.21500,90.96185212
46.22000,90.97144847
46.22500,90.98104466
46.23000,90.99064143
46.23500,91.00023862
46.24000,91.00983651
46.24500,91.01943500
46.25000,91.02903421
46.25500,91.03863282
46.26000,91.04823122
46.26500,91.05782847
46.27000,91.06742473
46.27500,91.07701874
46.28000,91.08661042
46.28500,91.09619914
46.29000,91.10578532
46.29500,91.11536884
46.30000,91.12495032
46.30500,91.13452983
46.31000,91.14410790
46.31500,91.15368418
46.32000,91.16325960
46.32500,91.17283417
46.33000,91.18240825
46.33500,91.19198191
46.34000,91.20155617
46.34500,91.21113114
46.35000,91.22070687
46.35500,91.23028320
46.36000,91.23986074
46.36500,91.24943903
46.37000,91.25901770
46.37500,91.26859651
46.38000,91.27817567
46.38500,91.28775564
46.39000,91.29733653
46.39500,91.30691860
46.40000,91.31650205
46.40500,91.32608703
46.41000,91.33567346
46.41500,91.34526110
46.42000,91.35485069
46.42500,91.36444269
46.43000,91.37403784
46.43500,91.38363591
46.44000,91.39323703
46.44500,91.40284044
46.45000,91.41244576
46.45500,91.42205232
46.46000,91.43166026
46.46500,91.44126909
46.47000,91.45087865
46.47500,91.46048898
46.48000,91.47009996
46.48500,91.47971126
46.49000,91.48932230
46.49500,91.49893302
46.50000,91.50854285
46.50500,91.51815175
46.51000,91.52775931
46.51500,91.53736558
46.52000,91.54697018
46.52500,91.55657388
46.53000,91.56617681
46.53500,91.57577920
46.54000,91.58538069
46.54500,91.59498183
46.55000,91.60458286
46.55500,91.61418487
46.56000,91.62378745
46.56500,91.63339179
46.57000,91.64299775
46.57500,91.65260659
46.58000,91.66221697
46.58500,91.67182979
46.59000,91.68144480
46.59500,91.69106273
46.60000,91.70068249
46.60500,91.71030387
46.61000,91.71992686
46.61500,91.72955135
46.62000,91.73917688
46.62500,91.74880321
46.63000,91.75843069
46.63500,91.76805958
46.64000,91.77768937
46.64500,91.78731987
46.65000,91.79695113
46.65500,91.80658318
46.66000,91.81621523
46.66500,91.82584751
46.67000,91.83547980
46.67500,91.84511227
46.68000,91.85474449
46.68500,91.86437675
46.69000,91.87400944
46.69500,91.88364295
46.70000,91.89327761
46.70500,91.90291314
46.71000,91.91255012
46.71500,91.92218856
46.72000,91.93182878
46.72500,91.94147031
46.73000,91.95111367
46.73500,91.96075935
46.74000,91.97040726
46.74500,91.98005697
46.75000,91.98970849
46.75500,91.99936249
46.76000,92.00901857
46.76500,92.01867647
46.77000,92.02833583
46.77500,92.03799757
46.78000,92.04766059
46.78500,92.05732480
46.79000,92.06698972
46.79500,92.07665499
46.80000,92.08631946
46.80500,92.09598203
46.81000,92.10564266
46.81500,92.11530155
46.82000,92.12495803
46.82500,92.13461172
46.83000,92.14426213
46.83500,92.15390995
46.84000,92.16355477
46.84500,92.17319688
46.85000,92.18283632
46.85500,92.19247460
46.86000,92.20211235
46.86500,92.21175034
46.87000,92.22138955
46.87500,92.23103056
46.88000,92.24067334
46.88500,92.25031757
46.89000,92.25996364
46.89500,92.26961139
46.90000,92.27926052
46.90500,92.28891027
46.91000,92.29856145
46.91500,92.30821419
46.92000,92.31786833
46.92500,92.32752310
46.93000,92.33717905
46.93500,92.34683616
46.94000,92.35649519
46.94500,92.36615527
46.95000,92.37581688
46.95500,92.38547952
46.96000,92.39514342
46.96500,92.40480689
46.97000,92.41446935
46.97500,92.42413080
46.98000,92.43379171
46.98500,92.44345160
46.99000,92.45311012
46.99500,92.46276717
47.00000,92.47242283
47.00500,92.48207641
47.01000,92.49172756
47.01500,92.50137638
47.02000,92.51102316
47.02500,92.52066781
47.03000,92.53030963
47.03500,92.53994897
47.04000,92.54958615
47.04500,92.55922151
47.05000,92.56885442
47.05500,92.57848617
47.06000,92.58811681
47.06500,92.59774729
47.07000,92.60737654
47.07500,92.61700503
47.08000,92.62663206
47.08500,92.63625865
47.09000,92.64588438
47.09500,92.65551002
47.10000,92.66513581
47.10500,92.67476296
47.11000,92.68439079
47.11500,92.69401971
47.12000,92.70364969
47.12500,92.71328192
47.13000,92.72291585
47.13500,92.73255178
47.14000,92.74219029
47.14500,92.75183214
47.15000,92.76147691
47.15500,92.77112406
47.16000,92.78077328
47.16500,92.79042409
47.17000,92.80007541
47.17500,92.80972614
47.18000,92.81937539
47.18500,92.82902356
47.19000,92.83866998
47.19500,92.84831501
47.20000,92.85795818
47.20500,92.86760098
47.21000,92.87724258
47.21500,92.88688286
47.22000,92.89652111
47.22500,92.90615823
47.23000,92.91579391
47.23500,92.92542793
47.24000,92.93506039
47.24500,92.94469163
47.25000,92.95432259
47.25500,92.96395304
47.26000,92.97358380
47.26500,92.98321448
47.27000,92.99284551
47.27500,93.00247618
47.28000,93.01210737
47.28500,93.02173928
47.29000,93.03137219
47.29500,93.04100651
47.30000,93.05064209
47.30500,93.06027917
47.31000,93.06991743
47.31500,93.07955652
47.32000,93.08919633
47.32500,93.09883620
47.33000,93.10847622
47.33500,93.11811512
47.34000,93.12775330
47.34500,93.13739031
47.35000,93.14702690
47.35500,93.15666204
47.36000,93.16629649
47.36500,93.17593040
47.37000,93.18556448
47.37500,93.19519801
47.38000,93.20483152
47.38500,93.21446485
47.39000,93.22409815
47.39500,93.23373134
47.40000,93.24336463
47.40500,93.25299833
47.41000,93.26263282
47.41500,93.27226814
47.42000,93.28190425
47.42500,93.29154137
47.43000,93.30117961
47.43500,93.31081907
47.44000,93.32045956
47.44500,93.33010130
47.45000,93.33974424
47.45500,93.34938858
47.46000,93.35903470
47.46500,93.36868308
47.47000,93.37833388
47.47500,93.38798767
47.48000,93.39764460
47.48500,93.40730440
47.49000,93.41696678
47.49500,93.42663099
47.50000,93.43629733
47.50500,93.44596512
47.51000,93.45563439
47.51500,93.46530433
47.52000,93.47497538
47.52500,93.48464682
47.53000,93.49431889
47.53500,93.50399066
47.54000,93.51366212
47.54500,93.52333260
47.55000,93.53300226
47.55500,93.54267062
47.56000,93.55233745
47.56500,93.56200287
47.57000,93.57166669
47.57500,93.58132867
47.58000,93.59098973
47.58500,93.60065024
47.59000,93.61031011
47.59500,93.61996901
47.60000,93.62962759
47.60500,93.63928683
47.61000,93.64894654
47.61500,93.65860674
47.62000,93.66826790
47.62500,93.67793125
47.63000,93.68759631
47.63500,93.69726228
47.64000,93.70692931
47.64500,93.71659786
47.65000,93.72626724
47.65500,93.73593664
47.66000,93.74560673
47.66500,93.75527859
47.67000,93.76495247
47.67500,93.77462743
47.68000,93.78430351
47.68500,93.79398063
47.69000,93.80365844
47.69500,93.81333581
47.70000,93.82301309
47.70500,93.83269065
47.71000,93.84236897
47.71500,93.85204709
47.72000,93.86172523
47.72500,93.87140396
47.73000,93.88108411
47.73500,93.89076506
47.74000,93.90044725
47.74500,93.91013115
47.75000,93.91981692
47.75500,93.92950348
47.76000,93.93919099
47.76500,93.94888015
47.77000,93.95857159
47.77500,93.96826438
47.78000,93.97795878
47.78500,93.98765556
47.79000,93.99735538
47.79500,94.00705688
47.80000,94.01675992
47.80500,94.02646436
47.81000,94.03617015
47.81500,94.04587575
47.82000,94.05558019
47.82500,94.06528357
47.83000,94.07498619
47.83500,94.08468721
47.84000,94.09438580
47.84500,94.10408193
47.85000,94.11377530
47.85500,94.12346554
47.86000,94.13315171
47.86500,94.14283454
47.87000,94.15251412
47.87500,94.16219108
47.88000,94.17186475
47.88500,94.18153602
47.89000,94.19120566
47.89500,94.20087484
47.90000,94.21054328
47.90500,94.22021165
47.91000,94.22988054
47.91500,94.23955136
47.92000,94.24922404
47.92500,94.25889954
47.93000,94.26857791
47.93500,94.27826020
47.94000,94.28794628
47.94500,94.29763622
47.95000,94.30732987
47.95500,94.31702699
47.96000,94.32672699
47.96500,94.33642866
47.97000,94.34613186
47.97500,94.35583568
47.98000,94.36554001
47.98500,94.37524399
47.99000,94.38494765
47.99500,94.39465040
48.00000,94.40435302
48.00500,94.41405586
48.01000,94.42375916
48.01500,94.43346287
48.02000,94.44316710
48.02500,94.45287149
48.03000,94.46257542
48.03500,94.47227845
48.04000,94.48198089
48.04500,94.49168315
48.05000,94.50138544
48.05500,94.51108770
48.06000,94.52078981
48.06500,94.53049225
48.07000,94.54019531
48.07500,94.54989843
48.08000,94.55960129
48.08500,94.56930382
48.09000,94.57900667
48.09500,94.58870918
48.10000,94.59841103
48.10500,94.60811178
48.11000,94.61781183
48.11500,94.62751019
48.12000,94.63720626
48.12500,94.64690014
48.13000,94.65659254
48.13500,94.66628309
48.14000,94.67597140
48.14500,94.68565754
48.15000,94.69534265
48.15500,94.70502605
48.16000,94.71470747
48.16500,94.72438662
48.17000,94.73406502
48.17500,94.74374220
48.18000,94.75341865
48.18500,94.76309441
48.19000,94.77277095
48.19500,94.78244757
48.20000,94.79212378
48.20500,94.80179854
48.21000,94.81147254
48.21500,94.82114518
48.22000,94.83081540
48.22500,94.84048283
48.23000,94.85014820
48.23500,94.85981149
48.24000,94.86947193
48.24500,94.87912919
48.25000,94.88878506
48.25500,94.89843994
48.26000,94.90809384
48.26500,94.91774634
48.27000,94.92739855
48.27500,94.93705015
48.28000,94.94670024
48.28500,94.95634904
48.29000,94.96599716
48.29500,94.97564485
48.30000,94.98529160
48.30500,94.99493717
48.31000,95.00458208
48.31500,95.01422623
48.32000,95.02386903
48.32500,95.03350980
48.33000,95.04314987
48.33500,95.05278928
48.34000,95.06242774
48.34500,95.07206432
48.35000,95.08170013
48.35500,95.09133546
48.36000,95.10097008
48.36500,95.11060268
48.37000,95.12023352
48.37500,95.12986307
48.38000,95.13949178
48.38500,95.14911917
48.39000,95.15874560
48.39500,95.16837223
48.40000,95.17799910
48.40500,95.18762595
48.41000,95.19725234
48.41500,95.20687905
48.42000,95.21650596
48.42500,95.22613276
48.43000,95.23575900
48.43500,95.24538511
48.44000,95.25501067
48.44500,95.26463510
48.45000,95.27425793
48.45500,95.28387975
48.46000,95.29350062
48.46500,95.30311995
48.47000,95.31273695
48.47500,95.32235149
48.48000,95.33196398
48.48500,95.34157334
48.49000,95.35117841
48.49500,95.36077917
48.50000,95.37037538
48.50500,95.37996684
48.51000,95.38955276
48.51500,95.39913361
48.52000,95.40870930
48.52500,95.41828033
48.53000,95.42784663
48.53500,95.43740787
48.54000,95.44696434
48.54500,95.45651654
48.55000,95.46606526
48.55500,95.47560972
48.56000,95.48514988
48.56500,95.49468559
48.57000,95.50421717
48.57500,95.51374396
48.58000,95.52326586
48.58500,95.53278327
48.59000,95.54229632
48.59500,95.55180505
48.60000,95.56130942
48.60500,95.57080986
48.61000,95.58030658
48.61500,95.58979980
48.62000,95.59928908
48.62500,95.60877484
48.63000,95.61825705
48.63500,95.62773518
48.64000,95.63720878
48.64500,95.64667871
48.65000,95.65614553
48.65500,95.66560975
48.66000,95.67507149
48.66500,95.68453205
48.67000,95.69399119
48.67500,95.70344937
48.68000,95.71290565
48.68500,95.72236100
48.69000,95.73181545
48.69500,95.74126950
48.70000,95.75072301
48.70500,95.76017700
48.71000,95.76963183
48.71500,95.77908768
48.72000,95.78854412
48.72500,95.79800157
48.73000,95.80746009
48.73500,95.81691982
48.74000,95.82638059
48.74500,95.83584327
48.75000,95.84530822
48.75500,95.85477540
48.76000,95.86424422
48.76500,95.87371507
48.77000,95.88318815
48.77500,95.89266297
48.78000,95.90213875
48.78500,95.91161597
48.79000,95.92109529
48.79500,95.93057710
48.80000,95.94006153
48.80500,95.94954918
48.81000,95.95904077
48.81500,95.96853612
48.82000,95.97803544
48.82500,95.98753876
48.83000,95.99704669
48.83500,96.00655812
48.84000,96.01607338
48.84500,96.02559182
48.85000,96.03511330
48.85500,96.04463689
48.86000,96.05416253
48.86500,96.06369029
48.87000,96.07321986
48.87500,96.08275108
48.88000,96.09228329
48.88500,96.10181737
48.89000,96.11135284
48.89500,96.12088981
48.90000,96.13042727
48.90500,96.13996583
48.91000,96.14950479
48.91500,96.15904412
48.92000,96.16858302
48.92500,96.17812126
48.93000,96.18765870
48.93500,96.19719548
48.94000,96.20673150
48.94500,96.21626677
48.95000,96.22580153
48.95500,96.23533549
48.96000,96.24486864
48.96500,96.25440031
48.97000,96.26393138
48.97500,96.27346124
48.98000,96.28299051
48.98500,96.29251859
48.99000,96.30204558
48.99500,96.31157141
49.00000,96.32109594
49.00500,96.33062024
49.01000,96.34014347
49.01500,96.34966746
49.02000,96.35919112
49.02500,96.36871552
49.03000,96.37823920
49.03500,96.38776294
49.04000,96.39728603
49.04500,96.40680906
49.05000,96.41633211
49.05500,96.42585513
49.06000,96.43537909
49.06500,96.44490347
49.07000,96.45442876
49.07500,96.46395430
49.08000,96.47348077
49.08500,96.48300784
49.09000,96.49253586
49.09500,96.50206480
49.10000,96.51159501
49.10500,96.52112700
49.11000,96.53065998
49.11500,96.54019377
49.12000,96.54972774
49.12500,96.55926199
49.13000,96.56879508
49.13500,96.57832674
49.14000,96.58785599
49.14500,96.59738262
49.15000,96.60690569
49.15500,96.61642587
49.16000,96.62594285
49.16500,96.63545734
49.17000,96.64496846
49.17500,96.65447633
49.18000,96.66398011
49.18500,96.67348025
49.19000,96.68297661
49.19500,96.69246953
49.20000,96.70195953
49.20500,96.71144791
49.21000,96.72093633
49.21500,96.73042512
49.22000,96.73991489
49.22500,96.74940557
49.23000,96.75889784
49.23500,96.76839097
49.24000,96.77788493
49.24500,96.78737995
49.25000,96.79687628
49.25500,96.80637415
49.26000,96.81587409
49.26500,96.82537668
49.27000,96.83488189
49.27500,96.84438889
49.28000,96.85389719
49.28500,96.86340652
49.29000,96.87291730
49.29500,96.88242896
49.30000,96.89194154
49.30500,96.90145455
49.31000,96.91096800
49.31500,96.92048136
49.32000,96.92999406
49.32500,96.93950680
49.33000,96.94901923
49.33500,96.95853178
49.34000,96.96804355
49.34500,96.97755530
49.35000,96.98706681
49.35500,96.99657852
49.36000,97.00609033
49.36500,97.01560228
49.37000,97.02511449
49.37500,97.03462679
49.38000,97.04413883
49.38500,97.05365018
49.39000,97.06316096
49.39500,97.07267039
49.40000,97.08217816
49.40500,97.09168443
49.41000,97.10118955
49.41500,97.11069305
49.42000,97.12019475
49.42500,97.12969536
49.43000,97.13919531
49.43500,97.14869481
49.44000,97.15819363
49.44500,97.16769215
49.45000,97.17719049
49.45500,97.18668837
49.46000,97.19618486
49.46500,97.20567915
49.47000,97.21517152
49.47500,97.22466152
49.48000,97.23414953
49.48500,97.24363537
49.49000,97.25312013
49.49500,97.26260307
49.50000,97.27208410
49.50500,97.28156219
49.51000,97.29103792
49.51500,97.30051066
49.52000,97.30998050
49.52500,97.31944711
49.53000,97.32891152
49.53500,97.33837461
49.54000,97.34783710
49.54500,97.35729944
49.55000,97.36676236
49.55500,97.37622644
49.56000,97.38569175
49.56500,97.39515884
49.57000,97.40462753
49.57500,97.41409893
49.58000,97.42357280
49.58500,97.43304914
49.59000,97.44252701
49.59500,97.45200640
49.60000,97.46148633
49.60500,97.47096544
49.61000,97.48044328
49.61500,97.48991990
49.62000,97.49939643
49.62500,97.50887277
49.63000,97.51834927
49.63500,97.52782574
49.64000,97.53730330
49.64500,97.54678124
49.65000,97.55625979
49.65500,97.56573818
49.66000,97.57521733
49.66500,97.58469676
49.67000,97.59417697
49.67500,97.60365756
49.68000,97.61313975
49.68500,97.62262368
49.69000,97.63210963
49.69500,97.64159726
49.70000,97.65108683
49.70500,97.66057842
49.71000,97.67007116
49.71500,97.67956423
49.72000,97.68905780
49.72500,97.69855166
49.73000,97.70804547
49.73500,97.71753849
49.74000,97.72703109
49.74500,97.73652277
49.75000,97.74601321
49.75500,97.75550108
49.76000,97.76498748
49.76500,97.77447206
49.77000,97.78395485
49.77500,97.79343520
49.78000,97.80291431
49.78500,97.81239229
49.79000,97.82186925
49.79500,97.83134481
49.80000,97.84081921
49.80500,97.85029318
49.81000,97.85976636
49.81500,97.86923909
49.82000,97.87871182
49.82500,97.88818541
49.83000,97.89765855
49.83500,97.90713144
49.84000,97.91660407
49.84500,97.92607778
49.85000,97.93555170
49.85500,97.94502652
49.86000,97.95450234
49.86500,97.96397989
49.87000,97.97345848
49.87500,97.98293782
49.88000,97.99241789
49.88500,98.00189899
49.89000,98.01138020
49.89500,98.02086087
49.90000,98.03034101
49.90500,98.03982071
49.91000,98.04929946
49.91500,98.05877684
49.92000,98.06825277
49.92500,98.07772706
49.93000,98.08719886
49.93500,98.09666729
49.94000,98.10613207
49.94500,98.11559354
49.95000,98.12505061
49.95500,98.13450296
49.96000,98.14394991
49.96500,98.15339220
49.97000,98.16282870
49.97500,98.17225963
49.98000,98.18168439
49.98500,98.19110371
49.99000,98.20051701
49.99500,98.20992477
50.00000,98.21932719
50.00500,98.22872606
50.01000,98.23812222
50.01500,98.24751597
50.02000,98.25690755
50.02500,98.26629733
50.03000,98.27568593
50.03500,98.28507383
50.04000,98.29446208
50.04500,98.30385079
50.05000,98.31324004
50.05500,98.32262908
50.06000,98.33201750
50.06500,98.34140430
50.07000,98.35078954
50.07500,98.36017319
50.08000,98.36955576
50.08500,98.37893777
50.09000,98.38831963
50.09500,98.39770150
50.10000,98.40708381
50.10500,98.41646605
50.11000,98.42584854
50.11500,98.43523048
50.12000,98.44461226
50.12500,98.45399262
50.13000,98.46337238
50.13500,98.47275055
50.14000,98.48212723
50.14500,98.49150200
50.15000,98.50087523
50.15500,98.51024729
50.16000,98.51961761
50.16500,98.52898616
50.17000,98.53835188
50.17500,98.54771594
50.18000,98.55707768
50.18500,98.56643764
50.19000,98.57579515
50.19500,98.58515123
50.20000,98.59450608
50.20500,98.60386000
50.21000,98.61321316
50.21500,98.62256661
50.22000,98.63192160
50.22500,98.64127825
50.23000,98.65063718
50.23500,98.65999864
50.24000,98.66936354
50.24500,98.67873266
50.25000,98.68810690
50.25500,98.69748634
50.26000,98.70687094
50.26500,98.71626075
50.27000,98.72565562
50.27500,98.73505518
50.28000,98.74445971
50.28500,98.75386993
50.29000,98.76328613
50.29500,98.77270823
50.30000,98.78213565
50.30500,98.79156880
50.31000,98.80100727
50.31500,98.81045068
50.32000,98.81989762
50.32500,98.82934814
50.33000,98.83880154
50.33500,98.84825759
50.34000,98.85771451
50.34500,98.86717280
50.35000,98.87663210
50.35500,98.88609254
50.36000,98.89555310
50.36500,98.90501387
50.37000,98.91447374
50.37500,98.92393256
50.38000,98.93338944
50.38500,98.94284497
50.39000,98.95229897
50.39500,98.96175159
50.40000,98.97120210
50.40500,98.98065049
50.41000,98.99009742
50.41500,98.99954284
50.42000,99.00898608
50.42500,99.01842734
50.43000,99.02786702
50.43500,99.03730603
50.44000,99.04674407
50.44500,99.05618219
50.45000,99.06562007
50.45500,99.07505845
50.46000,99.08449649
50.46500,99.09393455
50.47000,99.10337227
50.47500,99.11281035
50.48000,99.12224865
50.48500,99.13168736
50.49000,99.14112680
50.49500,99.15056776
50.50000,99.16001010
50.50500,99.16945362
50.51000,99.17889804
50.51500,99.18834334
50.52000,99.19778897
50.52500,99.20723516
50.53000,99.21668208
50.53500,99.22613072
50.54000,99.23558038
50.54500,99.24503103
50.55000,99.25448210
50.55500,99.26393428
50.56000,99.27338627
50.56500,99.28283784
50.57000,99.29228858
50.57500,99.30173873
50.58000,99.31118759
50.58500,99.32063472
50.59000,99.33008049
50.59500,99.33952455
50.60000,99.34896618
50.60500,99.35840462
50.61000,99.36784054
50.61500,99.37727425
50.62000,99.38670610
50.62500,99.39613568
50.63000,99.40556413
50.63500,99.41499124
50.64000,99.42441706
50.64500,99.43384036
50.65000,99.44326176
50.65500,99.45268132
50.66000,99.46209963
50.66500,99.47151565
50.67000,99.48092975
50.67500,99.49034167
50.68000,99.49975103
50.68500,99.50915723
50.69000,99.51856046
50.69500,99.52796177
50.70000,99.53736119
50.70500,99.54675911
50.71000,99.55615595
50.71500,99.56555231
50.72000,99.57494811
50.72500,99.58434304
50.73000,99.59373711
50.73500,99.60313162
50.74000,99.61252690
50.74500,99.62192340
50.75000,99.63132121
50.75500,99.64072150
50.76000,99.65012430
50.76500,99.65952881
50.77000,99.66893465
50.77500,99.67834128
50.78000,99.68774943
50.78500,99.69715788
50.79000,99.70656646
50.79500,99.71597437
50.80000,99.72538231
50.80500,99.73478916
50.81000,99.74419430
50.81500,99.75359707
50.82000,99.76299807
50.82500,99.77239742
50.83000,99.78179533
50.83500,99.79119189
50.84000,99.80058771
50.84500,99.80998312
50.85000,99.81937845
50.85500,99.82877358
50.86000,99.83816914
50.86500,99.84756566
50.87000,99.85696388
50.87500,99.86636382
50.88000,99.87576582
50.88500,99.88517027
50.89000,99.89457724
50.89500,99.90398573
50.90000,99.91339528
50.90500,99.92280616
50.91000,99.93221804
50.91500,99.94163032
50.92000,99.95104296
50.92500,99.96045638
50.93000,99.96987010
50.93500,99.97928311
50.94000,99.98869491
50.94500,99.99810590
50.95000,100.00751625
50.95500,100.01692614
50.96000,100.02633620
50.96500,100.03574731
50.97000,100.04515928
50.97500,100.05457218
50.98000,100.06398611
50.98500,100.07340180
50.99000,100.08281841
50.99500,100.09223601
51.00000,100.10165496
51.00500,100.11107561
51.01000,100.12049699
51.01500,100.12991847
51.02000,100.13933969
51.02500,100.14876030
51.03000,100.15817986
51.03500,100.16759756
51.04000,100.17701407
51.04500,100.18642911
51.05000,100.19584298
51.05500,100.20525459
51.06000,100.21466468
51.06500,100.22407247
51.07000,100.23347801
51.07500,100.24287984
51.08000,100.25227929
51.08500,100.26167594
51.09000,100.27107093
51.09500,100.28046308
51.10000,100.28985363
51.10500,100.29924238
51.11000,100.30863046
51.11500,100.31801710
51.12000,100.32740335
51.12500,100.33678898
51.13000,100.34617471
51.13500,100.35556000
51.14000,100.36494539
51.14500,100.37433094
51.15000,100.38371663
51.15500,100.39310219
51.16000,100.40248759
51.16500,100.41187413
51.17000,100.42126206
51.17500,100.43065125
51.18000,100.44004101
51.18500,100.44943183
51.19000,100.45882338
51.19500,100.46821514
51.20000,100.47760632
51.20500,100.48699797
51.21000,100.49638983
51.21500,100.50578173
51.22000,100.51517242
51.22500,100.52456239
51.23000,100.53395161
51.23500,100.54333957
51.24000,100.55272604
51.24500,100.56211165
51.25000,100.57149699
51.25500,100.58088134
51.26000,100.59026384
51.26500,100.59964438
51.27000,100.60902348
51.27500,100.61840135
51.28000,100.62777753
51.28500,100.63715209
51.29000,100.64652611
51.29500,100.65589996
51.30000,100.66527328
51.30500,100.67464616
51.31000,100.68401920
51.31500,100.69339210
51.32000,100.70276410
51.32500,100.71213420
51.33000,100.72150250
51.33500,100.73086871
51.34000,100.74023252
51.34500,100.74959362
51.35000,100.75895227
51.35500,100.76830917
51.36000,100.77766435
51.36500,100.78701718
51.37000,100.79636855
51.37500,100.80571939
51.38000,100.81507078
51.38500,100.82442166
51.39000,100.83377237
51.39500,100.84312346
51.40000,100.85247526
51.40500,100.86182671
51.41000,100.87117775
51.41500,100.88052841
51.42000,100.88987934
51.42500,100.89923053
51.43000,100.90858247
51.43500,100.91793558
51.44000,100.92729097
51.44500,100.93664815
51.45000,100.94600690
51.45500,100.95536739
51.46000,100.96473078
51.46500,100.97409756
51.47000,100.98346795
51.47500,100.99284227
51.48000,101.00222065
51.48500,101.01160305
51.49000,101.02098846
51.49500,101.03037728
51.50000,101.03977001
51.50500,101.04916763
51.51000,101.05857044
51.51500,101.06797928
51.52000,101.07739463
51.52500,101.08681655
51.53000,101.09624418
51.53500,101.10567769
51.54000,101.11511800
51.54500,101.12456537
51.55000,101.13401871
51.55500,101.14347778
51.56000,101.15294238
51.56500,101.16241260
51.57000,101.17188694
51.57500,101.18136428
51.58000,101.19084394
51.58500,101.20032537
51.59000,101.20980752
51.59500,101.21928967
51.60000,101.22877174
51.60500,101.23825363
51.61000,101.24773486
51.61500,101.25721490
51.62000,101.26669348
51.62500,101.27617077
51.63000,101.28564681
51.63500,101.29512151
51.64000,101.30459509
51.64500,101.31406833
51.65000,101.32354134
51.65500,101.33301382
51.66000,101.34248560
51.66500,101.35195648
51.67000,101.36142617
51.67500,101.37089457
51.68000,101.38036260
51.68500,101.38983040
51.69000,101.39929840
51.69500,101.40876702
51.70000,101.41823609
51.70500,101.42770543
51.71000,101.43717445
51.71500,101.44664400
51.72000,101.45611290
51.72500,101.46558187
51.73000,101.47505004
51.73500,101.48451883
51.74000,101.49398751
51.74500,101.50345734
51.75000,101.51292783
51.75500,101.52240022
51.76000,101.53187462
51.76500,101.54135142
51.77000,101.55083047
51.77500,101.56031236
51.78000,101.56979772
51.78500,101.57928672
51.79000,101.58877957
51.79500,101.59827639
51.80000,101.60777733
51.80500,101.61728244
51.81000,101.62679227
51.81500,101.63630672
51.82000,101.64582570
51.82500,101.65534830
51.83000,101.66487435
51.83500,101.67440346
51.84000,101.68393538
51.84500,101.69346953
51.85000,101.70300588
51.85500,101.71254412
51.86000,101.72208425
51.86500,101.73162520
51.87000,101.74116679
51.87500,101.75070849
51.88000,101.76025030
51.88500,101.76979149
51.89000,101.77933211
51.89500,101.78887171
51.90000,101.79841043
51.90500,101.80794797
51.91000,101.81748462
51.91500,101.82702116
51.92000,101.83655818
51.92500,101.84609674
51.93000,101.85563685
51.93500,101.86517929
51.94000,101.87472396
51.94500,101.88427093
51.95000,101.89381973
51.95500,101.90337033
51.96000,101.91292355
51.96500,101.92247878
51.97000,101.93203575
51.97500,101.94159405
51.98000,101.95115436
51.98500,101.96071542
51.99000,101.97027679
51.99500,101.97983744
52.00000,101.98939799
52.00500,101.99895721
52.01000,102.00851515
52.01500,102.01807122
52.02000,102.02762676
52.02500,102.03718105
52.03000,102.04673420
52.03500,102.05628655
52.04000,102.06583911
52.04500,102.07539194
52.05000,102.08494502
52.05500,102.09449811
52.06000,102.10405121
52.06500,102.11360383
52.07000,102.12315547
52.07500,102.13270587
52.08000,102.14225569
52.08500,102.15180488
52.09000,102.16135283
52.09500,102.17089933
52.10000,102.18044417
52.10500,102.18998800
52.11000,102.19953027
52.11500,102.20907170
52.12000,102.21861151
52.12500,102.22814979
52.13000,102.23768556
52.13500,102.24721865
52.14000,102.25674856
52.14500,102.26627555
52.15000,102.27579970
52.15500,102.28532180
52.16000,102.29484194
52.16500,102.30436023
52.17000,102.31387591
52.17500,102.32338897
52.18000,102.33289987
52.18500,102.34240863
52.19000,102.35191522
52.19500,102.36141957
52.20000,102.37092238
52.20500,102.38042299
52.21000,102.38992132
52.21500,102.39941744
52.22000,102.40891209
52.22500,102.41840527
52.23000,102.42789634
52.23500,102.43738497
52.24000,102.44687123
52.24500,102.45635540
52.25000,102.46583671
52.25500,102.47531468
52.26000,102.48478974
52.26500,102.49426217
52.27000,102.50373190
52.27500,102.51319889
52.28000,102.52266297
52.28500,102.53212517
52.29000,102.54158521
52.29500,102.55104378
52.30000,102.56050100
52.30500,102.56995844
52.31000,102.57941587
52.31500,102.58887415
52.32000,102.59833319
52.32500,102.60779419
52.33000,102.61725714
52.33500,102.62672204
52.34000,102.63618820
52.34500,102.64565592
52.35000,102.65512548
52.35500,102.66459622
52.36000,102.67406711
52.36500,102.68353775
52.37000,102.69300832
52.37500,102.70247852
52.38000,102.71194792
52.38500,102.72141651
52.39000,102.73088456
52.39500,102.74035192
52.40000,102.74981858
52.40500,102.75928460
52.41000,102.76874987
52.41500,102.77821494
52.42000,102.78767992
52.42500,102.79714547
52.43000,102.80661135
52.43500,102.81607796
52.44000,102.82554482
52.44500,102.83501263
52.45000,102.84447996
52.45500,102.85394737
52.46000,102.86341395
52.46500,102.87288088
52.47000,102.88234787
52.47500,102.89181588
52.48000,102.90128466
52.48500,102.91075577
52.49000,102.92022896
52.49500,102.92970423
52.50000,102.93918033
52.50500,102.94865793
52.51000,102.95813583
52.51500,102.96761355
52.52000,102.97709040
52.52500,102.98656686
52.53000,102.99604308
52.53500,103.00551858
52.54000,103.01499331
52.54500,103.02446716
52.55000,103.03394065
52.55500,103.04341296
52.56000,103.05288484
52.56500,103.06235597
52.57000,103.07182695
52.57500,103.08129720
52.58000,103.09076700
52.58500,103.10023608
52.59000,103.10970465
52.59500,103.11917288
52.60000,103.12864100
52.60500,103.13810904
52.61000,103.14757697
52.61500,103.15704447
52.62000,103.16651192
52.62500,103.17597892
52.63000,103.18544555
52.63500,103.19491067
52.64000,103.20437455
52.64500,103.21383727
52.65000,103.22329841
52.65500,103.23275786
52.66000,103.24221625
52.66500,103.25167444
52.67000,103.26113158
52.67500,103.27058814
52.68000,103.28004462
52.68500,103.28950229
52.69000,103.29896010
52.69500,103.30841882
52.70000,103.31787862
52.70500,103.32734059
52.71000,103.33680383
52.71500,103.34626836
52.72000,103.35573433
52.72500,103.36520230
52.73000,103.37467197
52.73500,103.38414346
52.74000,103.39361682
52.74500,103.40309198
52.75000,103.41256852
52.75500,103.42204575
52.76000,103.43152353
52.76500,103.44100175
52.77000,103.45047954
52.77500,103.45995662
52.78000,103.46943312
52.78500,103.47890880
52.79000,103.48838321
52.79500,103.49785618
52.80000,103.50732752
52.80500,103.51679642
52.81000,103.52626275
52.81500,103.53572621
52.82000,103.54518734
52.82500,103.55464672
52.83000,103.56410480
52.83500,103.57356136
52.84000,103.58301667
52.84500,103.59247063
52.85000,103.60192237
52.85500,103.61137152
52.86000,103.62081849
52.86500,103.63026322
52.87000,103.63970526
52.87500,103.64914427
52.88000,103.65858080
52.88500,103.66801496
52.89000,103.67744663
52.89500,103.68687589
52.90000,103.69630333
52.90500,103.70572940
52.91000,103.71515378
52.91500,103.72457708
52.92000,103.73400015
52.92500,103.74342418
52.93000,103.75284912
52.93500,103.76227567
52.94000,103.77170432
52.94500,103.78113555
52.95000,103.79056879
52.95500,103.80000401
52.96000,103.80944091
52.96500,103.81888000
52.97000,103.82832057
52.97500,103.83776324
52.98000,103.84720715
52.98500,103.85665258
52.99000,103.86609854
52.99500,103.87554496
53.00000,103.88499147
53.00500,103.89443869
53.01000,103.90388616
53.01500,103.91333448
53.02000,103.92278375
53.02500,103.93223398
53.03000,103.94168457
53.03500,103.95113568
53.04000,103.96058713
53.04500,103.97003872
53.05000,103.97949014
53.05500,103.98894196
53.06000,103.99839435
53.06500,104.00784688
53.07000,104.01729862
53.07500,104.02675034
53.08000,104.03620275
53.08500,104.04565606
53.09000,104.05511033
53.09500,104.06456576
53.10000,104.07402318
53.10500,104.08348244
53.11000,104.09294443
53.11500,104.10240941
53.12000,104.11187760
53.12500,104.12134849
53.13000,104.13082206
53.13500,104.14029849
53.14000,104.14977834
53.14500,104.15926146
53.15000,104.16874745
53.15500,104.17823684
53.16000,104.18772932
53.16500,104.19722487
53.17000,104.20672199
53.17500,104.21622044
53.18000,104.22571842
53.18500,104.23521581
53.19000,104.24471201
53.19500,104.25420827
53.20000,104.26370475
53.20500,104.27320106
53.21000,104.28269686
53.21500,104.29219172
53.22000,104.30168634
53.22500,104.31117922
53.23000,104.32067038
53.23500,104.33015990
53.24000,104.33964856
53.24500,104.34913609
53.25000,104.35862238
53.25500,104.36810856
53.26000,104.37759489
53.26500,104.38708280
53.27000,104.39657140
53.27500,104.40606187
53.28000,104.41555411
53.28500,104.42504865
53.29000,104.43454480
53.29500,104.44404317
53.30000,104.45354379
53.30500,104.46304737
53.31000,104.47255370
53.31500,104.48206307
53.32000,104.49157550
53.32500,104.50109099
53.33000,104.51060934
53.33500,104.52013034
53.34000,104.52965396
53.34500,104.53918001
53.35000,104.54870769
53.35500,104.55823649
53.36000,104.56776604
53.36500,104.57729648
53.37000,104.58682731
53.37500,104.59635885
53.38000,104.60589042
53.38500,104.61542200
53.39000,104.62495250
53.39500,104.63448156
53.40000,104.64400817
53.40500,104.65353214
53.41000,104.66305300
53.41500,104.67257005
53.42000,104.68208314
53.42500,104.69159231
53.43000,104.70109754
53.43500,104.71059752
53.44000,104.72009223
53.44500,104.72958048
53.45000,104.73906252
53.45500,104.74853780
53.46000,104.75800687
53.46500,104.76746957
53.47000,104.77692643
53.47500,104.78637733
53.48000,104.79582305
53.48500,104.80526409
53.49000,104.81470069
53.49500,104.82413335
53.50000,104.83356256
53.50500,104.84298906
53.51000,104.85241228
53.51500,104.86183262
53.52000,104.87125067
53.52500,104.88066751
53.53000,104.89008295
53.53500,104.89949832
53.54000,104.90891429
53.54500,104.91833138
53.55000,104.92774887
53.55500,104.93716720
53.56000,104.94658683
53.56500,104.95600788
53.57000,104.96542940
53.57500,104.97485086
53.58000,104.98427220
53.58500,104.99369266
53.59000,105.00311108
53.59500,105.01252661
53.60000,105.02193957
53.60500,105.03134936
53.61000,105.04075542
53.61500,105.05015691
53.62000,105.05955445
53.62500,105.06894872
53.63000,105.07833941
53.63500,105.08772582
53.64000,105.09710873
53.64500,105.10648935
53.65000,105.11586843
53.65500,105.12524506
53.66000,105.13461888
53.66500,105.14399029
53.67000,105.15335994
53.67500,105.16272676
53.68000,105.17209091
53.68500,105.18145211
53.69000,105.19081137
53.69500,105.20016723
53.70000,105.20951986
53.70500,105.21886947
53.71000,105.22821691
53.71500,105.23756199
53.72000,105.24690424
53.72500,105.25624405
53.73000,105.26558170
53.73500,105.27491679
53.74000,105.28424854
53.74500,105.29357716
53.75000,105.30290321
53.75500,105.31222729
53.76000,105.32154876
53.76500,105.33086813
53.77000,105.34018580
53.77500,105.34950213
53.78000,105.35881693
53.78500,105.36813068
53.79000,105.37744416
53.79500,105.38675759
53.80000,105.39607128
53.80500,105.40538452
53.81000,105.41469783
53.81500,105.42401059
53.82000,105.43332339
53.82500,105.44263595
53.83000,105.45194956
53.83500,105.46126401
53.84000,105.47057993
53.84500,105.47989603
53.85000,105.48921291
53.85500,105.49853008
53.86000,105.50784838
53.86500,105.51716816
53.87000,105.52648978
53.87500,105.53581396
53.88000,105.54514050
53.88500,105.55446958
53.89000,105.56380078
53.89500,105.57313436
53.90000,105.58246976
53.90500,105.59180658
53.91000,105.60114490
53.91500,105.61048482
53.92000,105.61982663
53.92500,105.62916960
53.93000,105.63851431
53.93500,105.64785961
53.94000,105.65720560
53.94500,105.66655081
53.95000,105.67589547
53.95500,105.68523906
53.96000,105.69458181
53.96500,105.70392263
53.97000,105.71326192
53.97500,105.72259978
53.98000,105.73193646
53.98500,105.74127144
53.99000,105.75060597
53.99500,105.75994011
54.00000,105.76927444
54.00500,105.77860837
54.01000,105.78794306
54.01500,105.79727865
54.02000,105.80661582
54.02500,105.81595433
54.03000,105.82529477
54.03500,105.83463793
54.04000,105.84398358
54.04500,105.85333137
54.05000,105.86268102
54.05500,105.87203301
54.06000,105.88138601
54.06500,105.89073920
54.07000,105.90009172
54.07500,105.90944306
54.08000,105.91879263
54.08500,105.92813998
54.09000,105.93748535
54.09500,105.94682942
54.10000,105.95617242
54.10500,105.96551375
54.11000,105.97485325
54.11500,105.98419033
54.12000,105.99352490
54.12500,106.00285575
54.13000,106.01218249
54.13500,106.02150532
54.14000,106.03082422
54.14500,106.04013977
54.15000,106.04945226
54.15500,106.05876323
54.16000,106.06807262
54.16500,106.07738095
54.17000,106.08668741
54.17500,106.09599211
54.18000,106.10529456
54.18500,106.11459495
54.19000,106.12389375
54.19500,106.13319134
54.20000,106.14248874
54.20500,106.15178594
54.21000,106.16108476
54.21500,106.17038484
54.22000,106.17968696
54.22500,106.18898978
54.23000,106.19829453
54.23500,106.20760090
54.24000,106.21690886
54.24500,106.22621711
54.25000,106.23552564
54.25500,106.24483425
54.26000,106.25414280
54.26500,106.26345025
54.27000,106.27275681
54.27500,106.28206193
54.28000,106.29136571
54.28500,106.30066661
54.29000,106.30996534
54.29500,106.31926102
54.30000,106.32855436
54.30500,106.33784390
54.31000,106.34713036
54.31500,106.35641343
54.32000,106.36569361
54.32500,106.37497095
54.33000,106.38424606
54.33500,106.39352007
54.34000,106.40279347
54.34500,106.41206636
54.35000,106.42133901
54.35500,106.43061126
54.36000,106.43988315
54.36500,106.44915373
54.37000,106.45842393
54.37500,106.46769324
54.38000,106.47696229
54.38500,106.48623017
54.39000,106.49549714
54.39500,106.50476334
54.40000,106.51402904
54.40500,106.52329453
54.41000,106.53255935
54.41500,106.54182407
54.42000,106.55108894
54.42500,106.56035424
54.43000,106.56961928
54.43500,106.57888389
54.44000,106.58814730
54.44500,106.59740853
54.45000,106.60666672
54.45500,106.61592090
54.46000,106.62517069
54.46500,106.63441553
54.47000,106.64365583
54.47500,106.65289119
54.48000,106.66212315
54.48500,106.67135238
54.49000,106.68058023
54.49500,106.68980636
54.50000,106.69903211
54.50500,106.70825710
54.51000,106.71748308
54.51500,106.72670952
54.52000,106.73593833
54.52500,106.74516894
54.53000,106.75440238
54.53500,106.76363734
54.54000,106.77287500
54.54500,106.78211413
54.55000,106.79135524
54.55500,106.80059699
54.56000,106.80983927
54.56500,106.81908134
54.57000,106.82832294
54.57500,106.83756357
54.58000,106.84680264
54.58500,106.85604022
54.59000,106.86527597
54.59500,106.87450961
54.60000,106.88374090
54.60500,106.89297039
54.61000,106.90219815
54.61500,106.91142416
54.62000,106.92064808
54.62500,106.92987141
54.63000,106.93909440
54.63500,106.94831851
54.64000,106.95754347
54.64500,106.96677119
54.65000,106.97600129
54.65500,106.98523410
54.66000,106.99446792
54.66500,107.00370400
54.67000,107.01294148
54.67500,107.02217975
54.68000,107.03141843
54.68500,107.04065822
54.69000,107.04989943
54.69500,107.05914095
54.70000,107.06838276
54.70500,107.07762492
54.71000,107.08686761
54.71500,107.09611055
54.72000,107.10535350
54.72500,107.11459713
54.73000,107.12384187
54.73500,107.13308736
54.74000,107.14233229
54.74500,107.15157635
54.75000,107.16081958
54.75500,107.17006218
54.76000,107.17930323
54.76500,107.18854331
54.77000,107.19778269
54.77500,107.20702248
54.78000,107.21626148
54.78500,107.22550048
54.79000,107.23473934
54.79500,107.24397845
54.80000,107.25321709
54.80500,107.26245570
54.81000,107.27169490
54.81500,107.28093577
54.82000,107.29017833
54.82500,107.29942251
54.83000,107.30866902
54.83500,107.31791802
54.84000,107.32716890
54.84500,107.33642075
54.85000,107.34567411
54.85500,107.35492903
54.86000,107.36418582
54.86500,107.37344517
54.87000,107.38270784
54.87500,107.39197469
54.88000,107.40124513
54.88500,107.41051975
54.89000,107.41979815
54.89500,107.42908201
54.90000,107.43837067
54.90500,107.44766418
54.91000,107.45696138
54.91500,107.46626203
54.92000,107.47556525
54.92500,107.48487014
54.93000,107.49417656
54.93500,107.50348415
54.94000,107.51279307
54.94500,107.52210235
54.95000,107.53141190
54.95500,107.54072139
54.96000,107.55003072
54.96500,107.55934001
54.97000,107.56864919
54.97500,107.57795992
54.98000,107.58727215
54.98500,107.59658694
54.99000,107.60590339
54.99500,107.61522226
55.00000,107.62454309
55.00500,107.63386739
55.01000,107.64319460
55.01500,107.65252609
55.02000,107.66186103
55.02500,107.67120025
55.03000,107.68054258
55.03500,107.68988881
55.04000,107.69923886
55.04500,107.70859407
55.05000,107.71795401
55.05500,107.72731963
55.06000,107.73669074
55.06500,107.74606716
55.07000,107.75544766
55.07500,107.76483206
55.08000,107.77421950
55.08500,107.78360998
55.09000,107.79300248
55.09500,107.80239636
55.10000,107.81179195
55.10500,107.82118861
55.11000,107.83058593
55.11500,107.83998263
55.12000,107.84937884
55.12500,107.85877364
55.13000,107.86816694
55.13500,107.87755765
55.14000,107.88694633
55.14500,107.89633288
55.15000,107.90571758
55.15500,107.91510015
55.16000,107.92448058
55.16500,107.93385915
55.17000,107.94323520
55.17500,107.95260902
55.18000,107.96198101
55.18500,107.97135241
55.19000,107.98072279
55.19500,107.99009227
55.20000,107.99946091
55.20500,108.00882923
55.21000,108.01819657
55.21500,108.02756249
55.22000,108.03692706
55.22500,108.04629047
55.23000,108.05565310
55.23500,108.06501481
55.24000,108.07437661
55.24500,108.08373876
55.25000,108.09310123
55.25500,108.10246330
55.26000,108.11182549
55.26500,108.12118887
55.27000,108.13055387
55.27500,108.13992032
55.28000,108.14928795
55.28500,108.15865784
55.29000,108.16802937
55.29500,108.17740259
55.30000,108.18677707
55.30500,108.19615395
55.31000,108.20553283
55.31500,108.21491412
55.32000,108.22429688
55.32500,108.23368106
55.33000,108.24306470
55.33500,108.25244718
55.34000,108.26182654
55.34500,108.27120393
55.35000,108.28057947
55.35500,108.28995483
55.36000,108.29932928
55.36500,108.30870424
55.37000,108.31808024
55.37500,108.32745852
55.38000,108.33683850
55.38500,108.34622117
55.39000,108.35560734
55.39500,108.36499715
55.40000,108.37439004
55.40500,108.38378628
55.41000,108.39318668
55.41500,108.40259047
55.42000,108.41199756
55.42500,108.42140692
55.43000,108.43081981
55.43500,108.44023534
55.44000,108.44965389
55.44500,108.45907507
55.45000,108.46849967
55.45500,108.47792754
55.46000,108.48735749
55.46500,108.49678904
55.47000,108.50622126
55.47500,108.51565475
55.48000,108.52508768
55.48500,108.53452079
55.49000,108.54395351
55.49500,108.55338761
55.50000,108.56282170
55.50500,108.57225593
55.51000,108.58169005
55.51500,108.59112492
55.52000,108.60056044
55.52500,108.60999572
55.53000,108.61943110
55.53500,108.62886664
55.54000,108.63830266
55.54500,108.64773808
55.55000,108.65717384
55.55500,108.66661021
55.56000,108.67604750
55.56500,108.68548424
55.57000,108.69492071
55.57500,108.70435723
55.58000,108.71379482
55.58500,108.72323360
55.59000,108.73267378
55.59500,108.74211533
55.60000,108.75155877
55.60500,108.76100357
55.61000,108.77044971
55.61500,108.77989636
55.62000,108.78934344
55.62500,108.79879055
55.63000,108.80823787
55.63500,108.81768517
55.64000,108.82713356
55.64500,108.83658233
55.65000,108.84603238
55.65500,108.85548303
55.66000,108.86493514
55.66500,108.87438787
55.67000,108.88384221
55.67500,108.89329695
55.68000,108.90275201
55.68500,108.91220580
55.69000,108.92165788
55.69500,108.93110759
55.70000,108.94055420
55.70500,108.94999744
55.71000,108.95943597
55.71500,108.96887075
55.72000,108.97830170
55.72500,108.98773053
55.73000,108.99715716
55.73500,109.00658248
55.74000,109.01600716
55.74500,109.02543215
55.75000,109.03485756
55.75500,109.04428238
55.76000,109.05370669
55.76500,109.06313073
55.77000,109.07255532
55.77500,109.08197964
55.78000,109.09140433
55.78500,109.10083007
55.79000,109.11025760
55.79500,109.11968707
55.80000,109.12911859
55.80500,109.13855318
55.81000,109.14799031
55.81500,109.15742997
55.82000,109.16687060
55.82500,109.17631259
55.83000,109.18575509
55.83500,109.19519726
55.84000,109.20463757
55.84500,109.21407659
55.85000,109.22351407
55.85500,109.23294997
55.86000,109.24238375
55.86500,109.25181618
55.87000,109.26124749
55.87500,109.27067768
55.88000,109.28010702
55.88500,109.28953518
55.89000,109.29896178
55.89500,109.30838714
55.90000,109.31781269
55.90500,109.32723852
55.91000,109.33666505
55.91500,109.34609266
55.92000,109.35552220
55.92500,109.36495405
55.93000,109.37438815
55.93500,109.38382507
55.94000,109.39326481
55.94500,109.40270737
55.95000,109.41215191
55.95500,109.42159770
55.96000,109.43104508
55.96500,109.44049353
55.97000,109.44994291
55.97500,109.45939243
55.98000,109.46884294
55.98500,109.47829343
55.99000,109.48774320
55.99500,109.49719072
56.00000,109.50663653
56.00500,109.51607928
56.01000,109.52551815
56.01500,109.53495236
56.02000,109.54438183
56.02500,109.55380678
56.03000,109.56322624
56.03500,109.57264144
56.04000,109.58205268
56.04500,109.59146156
56.05000,109.60086760
56.05500,109.61027113
56.06000,109.61967225
56.06500,109.62907162
56.07000,109.63846892
56.07500,109.64786406
56.08000,109.65725864
56.08500,109.66665388
56.09000,109.67605092
56.09500,109.68544947
56.10000,109.69485071
56.10500,109.70425425
56.11000,109.71366020
56.11500,109.72306749
56.12000,109.73247642
56.12500,109.74188649
56.13000,109.75129736
56.13500,109.76070735
56.14000,109.77011629
56.14500,109.77952258
56.15000,109.78892627
56.15500,109.79832557
56.16000,109.80772091
56.16500,109.81711198
56.17000,109.82649903
56.17500,109.83588096
56.18000,109.84525796
56.18500,109.85463032
56.19000,109.86399783
56.19500,109.87336093
56.20000,109.88271991
56.20500,109.89207535
56.21000,109.90142687
56.21500,109.91077545
56.22000,109.92012149
56.22500,109.92946510
56.23000,109.93880591
56.23500,109.94814342
56.24000,109.95747768
56.24500,109.96680818
56.25000,109.97613401
56.25500,109.98545469
56.26000,109.99477005
56.26500,110.00408173
56.27000,110.01338895
56.27500,110.02269233
56.28000,110.03199194
56.28500,110.04128938
56.29000,110.05058418
56.29500,110.05987676
56.30000,110.06916760
56.30500,110.07845662
56.31000,110.08774337
56.31500,110.09702737
56.32000,110.10630960
56.32500,110.11559030
56.33000,110.12486975
56.33500,110.13414803
56.34000,110.14342682
56.34500,110.15270589
56.35000,110.16198503
56.35500,110.17126392
56.36000,110.18054307
56.36500,110.18982171
56.37000,110.19909923
56.37500,110.20837541
56.38000,110.21765064
56.38500,110.22692482
56.39000,110.23619739
56.39500,110.24546941
56.40000,110.25474120
56.40500,110.26401398
56.41000,110.27328648
56.41500,110.28255941
56.42000,110.29183208
56.42500,110.30110532
56.43000,110.31037782
56.43500,110.31965024
56.44000,110.32892235
56.44500,110.33819346
56.45000,110.34746209
56.45500,110.35672705
56.46000,110.36598838
56.46500,110.37524610
56.47000,110.38450029
56.47500,110.39375090
56.48000,110.40299827
56.48500,110.41224354
56.49000,110.42148706
56.49500,110.43072886
56.50000,110.43996889
56.50500,110.44920737
56.51000,110.45844414
56.51500,110.46767846
56.52000,110.47691073
56.52500,110.48614084
56.53000,110.49536937
56.53500,110.50459555
56.54000,110.51382037
56.54500,110.52304445
56.55000,110.53226889
56.55500,110.54149264
56.56000,110.55071569
56.56500,110.55993808
56.57000,110.56916093
56.57500,110.57838369
56.58000,110.58760703
56.58500,110.59683127
56.59000,110.60605722
56.59500,110.61528376
56.60000,110.62451071
56.60500,110.63373681
56.61000,110.64296325
56.61500,110.65218916
56.62000,110.66141525
56.62500,110.67064099
56.63000,110.67986704
56.63500,110.68909295
56.64000,110.69831888
56.64500,110.70754592
56.65000,110.71677373
56.65500,110.72600145
56.66000,110.73522809
56.66500,110.74445500
56.67000,110.75368277
56.67500,110.76291102
56.68000,110.77213849
56.68500,110.78136470
56.69000,110.79058931
56.69500,110.79981178
56.70000,110.80903167
56.70500,110.81824939
56.71000,110.82746569
56.71500,110.83668111
56.72000,110.84589507
56.72500,110.85510808
56.73000,110.86432015
56.73500,110.87353146
56.74000,110.88274095
56.74500,110.89194827
56.75000,110.90115425
56.75500,110.91035919
56.76000,110.91956307
56.76500,110.92876553
56.77000,110.93796712
56.77500,110.94716779
56.78000,110.95636722
56.78500,110.96556523
56.79000,110.97476189
56.79500,110.98395785
56.80000,110.99315293
56.80500,111.00234727
56.81000,111.01154042
56.81500,111.02073292
56.82000,111.02992364
56.82500,111.03911232
56.83000,111.04829791
56.83500,111.05748122
56.84000,111.06666070
56.84500,111.07583589
56.85000,111.08500531
56.85500,111.09416986
56.86000,111.10332881
56.86500,111.11248225
56.87000,111.12163008
56.87500,111.13077315
56.88000,111.13991211
56.88500,111.14904580
56.89000,111.15817414
56.89500,111.16729649
56.90000,111.17641408
56.90500,111.18552573
56.91000,111.19463230
56.91500,111.20373323
56.92000,111.21282969
56.92500,111.22192144
56.93000,111.23100928
56.93500,111.24009418
56.94000,111.24917698
56.94500,111.25825849
56.95000,111.26733820
56.95500,111.27641720
56.96000,111.28549514
56.96500,111.29457292
56.97000,111.30364967
56.97500,111.31272663
56.98000,111.32180381
56.98500,111.33088156
56.99000,111.33995936
56.99500,111.34903778
57.00000,111.35811663
57.00500,111.36719593
57.01000,111.37627476
57.01500,111.38535320
57.02000,111.39443176
57.02500,111.40351209
57.03000,111.41259418
57.03500,111.42167884
57.04000,111.43076545
57.04500,111.43985440
57.05000,111.44894327
57.05500,111.45803162
57.06000,111.46711746
57.06500,111.47620053
57.07000,111.48527923
57.07500,111.49435335
57.08000,111.50342204
57.08500,111.51248516
57.09000,111.52154265
57.09500,111.53059413
57.10000,111.53963859
57.10500,111.54867586
57.11000,111.55770628
57.11500,111.56673007
57.12000,111.57574700
57.12500,111.58475764
57.13000,111.59376236
57.13500,111.60276171
57.14000,111.61175521
57.14500,111.62074310
57.15000,111.62972600
57.15500,111.63870445
57.16000,111.64767948
57.16500,111.65665174
57.17000,111.66562268
57.17500,111.67459318
57.18000,111.68356417
57.18500,111.69253564
57.19000,111.70150853
57.19500,111.71048301
57.20000,111.71945913
57.20500,111.72843623
57.21000,111.73741417
57.21500,111.74639303
57.22000,111.75537275
57.22500,111.76435309
57.23000,111.77333365
57.23500,111.78231490
57.24000,111.79129642
57.24500,111.80027732
57.25000,111.80925725
57.25500,111.81823604
57.26000,111.82721387
57.26500,111.83618997
57.27000,111.84516448
57.27500,111.85413850
57.28000,111.86311284
57.28500,111.87208741
57.29000,111.88106268
57.29500,111.89004063
57.30000,111.89902198
57.30500,111.90800659
57.31000,111.91699467
57.31500,111.92598764
57.32000,111.93498634
57.32500,111.94398942
57.33000,111.95299668
57.33500,111.96200856
57.34000,111.97102615
57.34500,111.98004797
57.35000,111.98907392
57.35500,111.99810436
57.36000,112.00714102
57.36500,112.01618321
57.37000,112.02523080
57.37500,112.03428392
57.38000,112.04334373
57.38500,112.05241005
57.39000,112.06148211
57.39500,112.07056047
57.40000,112.07964577
57.40500,112.08873763
57.41000,112.09783392
57.41500,112.10693394
57.42000,112.11603795
57.42500,112.12514602
57.43000,112.13425694
57.43500,112.14336980
57.44000,112.15248520
57.44500,112.16160235
57.45000,112.17072034
57.45500,112.17983768
57.46000,112.18895517
57.46500,112.19807313
57.47000,112.20719192
57.47500,112.21631024
57.48000,112.22542881
57.48500,112.23454698
57.49000,112.24366489
57.49500,112.25278176
57.50000,112.26189880
57.50500,112.27101649
57.51000,112.28013532
57.51500,112.28925603
57.52000,112.29837930
57.52500,112.30750620
57.53000,112.31663637
57.53500,112.32577029
57.54000,112.33490701
57.54500,112.34404645
57.55000,112.35318714
57.55500,112.36232956
57.56000,112.37147230
57.56500,112.38061663
57.57000,112.38976178
57.57500,112.39890805
57.58000,112.40805440
57.58500,112.41720128
57.59000,112.42634767
57.59500,112.43549264
57.60000,112.44463499
57.60500,112.45377469
57.61000,112.46291098
57.61500,112.47204353
57.62000,112.48117175
57.62500,112.49029554
57.63000,112.49941428
57.63500,112.50852777
57.64000,112.51763501
57.64500,112.52673658
57.65000,112.53583225
57.65500,112.54492248
57.66000,112.55400693
57.66500,112.56308604
57.67000,112.57215983
57.67500,112.58122853
57.68000,112.59029278
57.68500,112.59935276
57.69000,112.60840980
57.69500,112.61746467
57.70000,112.62651763
57.70500,112.63556941
57.71000,112.64462086
57.71500,112.65367245
57.72000,112.66272357
57.72500,112.67177465
57.73000,112.68082650
57.73500,112.68987918
57.74000,112.69893147
57.74500,112.70798319
57.75000,112.71703533
57.75500,112.72608892
57.76000,112.73514367
57.76500,112.74419977
57.77000,112.75325719
57.77500,112.76231571
57.78000,112.77137398
57.78500,112.78043169
57.79000,112.78948907
57.79500,112.79854592
57.80000,112.80760163
57.80500,112.81665563
57.81000,112.82570849
57.81500,112.83476037
57.82000,112.84381102
57.82500,112.85285964
57.83000,112.86190666
57.83500,112.87095192
57.84000,112.87999451
57.84500,112.88903357
57.85000,112.89806869
57.85500,112.90709954
57.86000,112.91612498
57.86500,112.92514409
57.87000,112.93415747
57.87500,112.94316586
57.88000,112.95216877
57.88500,112.96116587
57.89000,112.97015672
57.89500,112.97914179
57.90000,112.98812104
57.90500,112.99709508
57.91000,113.00606322
57.91500,113.01502590
57.92000,113.02398128
57.92500,113.03292933
57.93000,113.04187002
57.93500,113.05080486
57.94000,113.05973329
57.94500,113.06865541
57.95000,113.07757134
57.95500,113.08648184
57.96000,113.09538615
57.96500,113.10428334
57.97000,113.11317420
57.97500,113.12205926
57.98000,113.13093967
57.98500,113.13981590
57.99000,113.14868968
57.99500,113.15756151
58.00000,113.16643142
58.00500,113.17530017
58.01000,113.18416865
58.01500,113.19303727
58.02000,113.20190585
58.02500,113.21077494
58.03000,113.21964580
58.03500,113.22851798
58.04000,113.23739059
58.04500,113.24626338
58.05000,113.25513747
58.05500,113.26401286
58.06000,113.27288818
58.06500,113.28176309
58.07000,113.29063785
58.07500,113.29951254
58.08000,113.30838658
58.08500,113.31725981
58.09000,113.32613234
58.09500,113.33500371
58.10000,113.34387299
58.10500,113.35274053
58.11000,113.36160636
58.11500,113.37047063
58.12000,113.37933226
58.12500,113.38819208
58.13000,113.39705106
58.13500,113.40591068
58.14000,113.41477063
58.14500,113.42363240
58.15000,113.43249684
58.15500,113.44136491
58.16000,113.45023642
58.16500,113.45911178
58.17000,113.46799102
58.17500,113.47687477
58.18000,113.48576274
58.18500,113.49465483
58.19000,113.50355163
58.19500,113.51245314
58.20000,113.52135879
58.20500,113.53026695
58.21000,113.53917752
58.21500,113.54808987
58.22000,113.55700345
58.22500,113.56591767
58.23000,113.57483260
58.23500,113.58374842
58.24000,113.59266443
58.24500,113.60157997
58.25000,113.61049481
58.25500,113.61940891
58.26000,113.62832198
58.26500,113.63723365
58.27000,113.64614474
58.27500,113.65505521
58.28000,113.66396547
58.28500,113.67287459
58.29000,113.68178285
58.29500,113.69068992
58.30000,113.69959541
58.30500,113.70849948
58.31000,113.71740206
58.31500,113.72630280
58.32000,113.73520186
58.32500,113.74410083
58.33000,113.75300074
58.33500,113.76190157
58.34000,113.77080287
58.34500,113.77970512
58.35000,113.78860819
58.35500,113.79751211
58.36000,113.80641638
58.36500,113.81532121
58.37000,113.82422657
58.37500,113.83313184
58.38000,113.84203694
58.38500,113.85094251
58.39000,113.85984953
58.39500,113.86875805
58.40000,113.87766898
58.40500,113.88658259
58.41000,113.89549933
58.41500,113.90441961
58.42000,113.91334308
58.42500,113.92226988
58.43000,113.93119930
58.43500,113.94013091
58.44000,113.94906412
58.44500,113.95799900
58.45000,113.96693600
58.45500,113.97587451
58.46000,113.98481490
58.46500,113.99375602
58.47000,114.00269732
58.47500,114.01163726
58.48000,114.02057554
58.48500,114.02951079
58.49000,114.03844294
58.49500,114.04737250
58.50000,114.05630024
58.50500,114.06522728
58.51000,114.07415436
58.51500,114.08308328
58.52000,114.09201455
58.52500,114.10094867
58.53000,114.10988496
58.53500,114.11882388
58.54000,114.12776527
58.54500,114.13670920
58.55000,114.14565550
58.55500,114.15460445
58.56000,114.16355641
58.56500,114.17251128
58.57000,114.18146902
58.57500,114.19043078
58.58000,114.19939666
58.58500,114.20836701
58.59000,114.21734051
58.59500,114.22631867
58.60000,114.23530021
58.60500,114.24428511
58.61000,114.25327074
58.61500,114.26225670
58.62000,114.27124126
58.62500,114.28022434
58.63000,114.28920484
58.63500,114.29818298
58.64000,114.30715868
58.64500,114.31613189
58.65000,114.32510251
58.65500,114.33407115
58.66000,114.34303802
58.66500,114.35200347
58.67000,114.36096770
58.67500,114.36993194
58.68000,114.37889772
58.68500,114.38786630
58.69000,114.39683829
58.69500,114.40581400
58.70000,114.41479364
58.70500,114.42377735
58.71000,114.43276449
58.71500,114.44175679
58.72000,114.45075418
58.72500,114.45975714
58.73000,114.46876378
58.73500,114.47777441
58.74000,114.48678718
58.74500,114.49580123
58.75000,114.50481429
58.75500,114.51382540
58.76000,114.52283267
58.76500,114.53183559
58.77000,114.54083407
58.77500,114.54982843
58.78000,114.55881765
58.78500,114.56780183
58.79000,114.57678127
58.79500,114.58575680
58.80000,114.59472732
58.80500,114.60369348
58.81000,114.61265491
58.81500,114.62161397
58.82000,114.63056946
58.82500,114.63952231
58.83000,114.64847146
58.83500,114.65741861
58.84000,114.66636224
58.84500,114.67530214
58.85000,114.68423725
58.85500,114.69316904
58.86000,114.70209708
58.86500,114.71102145
58.87000,114.71994224
58.87500,114.72886089
58.88000,114.73777740
58.88500,114.74669217
58.89000,114.75560516
58.89500,114.76451770
58.90000,114.77342946
58.90500,114.78234096
58.91000,114.79125235
58.91500,114.80016504
58.92000,114.80907932
58.92500,114.81799436
58.93000,114.82691064
58.93500,114.83582784
58.94000,114.84474668
58.94500,114.85366524
58.95000,114.86258392
58.95500,114.87150318
58.96000,114.88042424
58.96500,114.88934699
58.97000,114.89827056
58.97500,114.90719522
58.98000,114.91612016
58.98500,114.92504479
58.99000,114.93396763
58.99500,114.94288833
59.00000,114.95180661
59.00500,114.96072262
59.01000,114.96963515
59.01500,114.97854495
59.02000,114.98745255
59.02500,114.99635851
59.03000,115.00526207
59.03500,115.01416362
59.04000,115.02306307
59.04500,115.03196043
59.05000,115.04085475
59.05500,115.04974557
59.06000,115.05863282
59.06500,115.06751658
59.07000,115.07639656
59.07500,115.08527316
59.08000,115.09414695
59.08500,115.10301858
59.09000,115.11188772
59.09500,115.12075459
59.10000,115.12961993
59.10500,115.13848413
59.11000,115.14734661
59.11500,115.15620718
59.12000,115.16506581
59.12500,115.17392365
59.13000,115.18278060
59.13500,115.19163751
59.14000,115.20049411
59.14500,115.20935167
59.15000,115.21820971
59.15500,115.22706903
59.16000,115.23592962
59.16500,115.24479183
59.17000,115.25365575
59.17500,115.26252133
59.18000,115.27139016
59.18500,115.28026222
59.19000,115.28913844
59.19500,115.29801751
59.20000,115.30690047
59.20500,115.31578628
59.21000,115.32467505
59.21500,115.33356549
59.22000,115.34245886
59.22500,115.35135520
59.23000,115.36025504
59.23500,115.36915750
59.24000,115.37806284
59.24500,115.38697043
59.25000,115.39588040
59.25500,115.40479165
59.26000,115.41370396
59.26500,115.42261665
59.27000,115.43152901
59.27500,115.44044137
59.28000,115.44935341
59.28500,115.45826621
59.29000,115.46717914
59.29500,115.47609181
59.30000,115.48500390
59.30500,115.49391551
59.31000,115.50282634
59.31500,115.51173580
59.32000,115.52064480
59.32500,115.52955322
59.33000,115.53846121
59.33500,115.54736775
59.34000,115.55627371
59.34500,115.56517915
59.35000,115.57408427
59.35500,115.58298867
59.36000,115.59189243
59.36500,115.60079624
59.37000,115.60969916
59.37500,115.61860163
59.38000,115.62750231
59.38500,115.63640199
59.39000,115.64529960
59.39500,115.65419640
59.40000,115.66309179
59.40500,115.67198633
59.41000,115.68087943
59.41500,115.68977193
59.42000,115.69866474
59.42500,115.70755937
59.43000,115.71645616
59.43500,115.72535593
59.44000,115.73425923
59.44500,115.74316634
59.45000,115.75207678
59.45500,115.76099062
59.46000,115.76990737
59.46500,115.77882759
59.47000,115.78774967
59.47500,115.79667310
59.48000,115.80559591
59.48500,115.81451774
59.49000,115.82343713
59.49500,115.83235457
59.50000,115.84126932
59.50500,115.85018162
59.51000,115.85909209
59.51500,115.86800033
59.52000,115.87690654
59.52500,115.88580992
59.53000,115.89471085
59.53500,115.90360844
59.54000,115.91250299
59.54500,115.92139430
59.55000,115.93028309
59.55500,115.93917000
59.56000,115.94805436
59.56500,115.95693656
59.57000,115.96581590
59.57500,115.97469331
59.58000,115.98356707
59.58500,115.99243751
59.59000,116.00130527
59.59500,116.01017201
59.60000,116.01903742
59.60500,116.02790043
59.61000,116.03676108
59.61500,116.04561933
59.62000,116.05447512
59.62500,116.06332737
59.63000,116.07217577
59.63500,116.08102091
59.64000,116.08986334
59.64500,116.09870207
59.65000,116.10753647
59.65500,116.11636749
59.66000,116.12519564
59.66500,116.13401932
59.67000,116.14283882
59.67500,116.15165524
59.68000,116.16047031
59.68500,116.16928264
59.69000,116.17809255
59.69500,116.18690006
59.70000,116.19570573
59.70500,116.20450957
59.71000,116.21331120
59.71500,116.22211183
59.72000,116.23091165
59.72500,116.23971142
59.73000,116.24850992
59.73500,116.25730852
59.74000,116.26610679
59.74500,116.27490529
59.75000,116.28370268
59.75500,116.29250018
59.76000,116.30129790
59.76500,116.31009625
59.77000,116.31889504
59.77500,116.32769456
59.78000,116.33649466
59.78500,116.34529484
59.79000,116.35409429
59.79500,116.36289258
59.80000,116.37168991
59.80500,116.38048709
59.81000,116.38928434
59.81500,116.39808239
59.82000,116.40688088
59.82500,116.41567996
59.83000,116.42447939
59.83500,116.43327988
59.84000,116.44208189
59.84500,116.45088615
59.85000,116.45969211
59.85500,116.46850046
59.86000,116.47731057
59.86500,116.48612422
59.87000,116.49494068
59.87500,116.50376047
59.88000,116.51258270
59.88500,116.52140762
59.89000,116.53023419
59.89500,116.53906061
59.90000,116.54788687
59.90500,116.55671163
59.91000,116.56553439
59.91500,116.57435381
59.92000,116.58317088
59.92500,116.59198501
59.93000,116.60079684
59.93500,116.60960595
59.94000,116.61841383
59.94500,116.62722095
59.95000,116.63602789
59.95500,116.64483526
59.96000,116.65364379
59.96500,116.66245535
59.97000,116.67126898
59.97500,116.68008554
59.98000,116.68890511
59.98500,116.69772913
59.99000,116.70655777
59.99500,116.71539074
60.00000,116.72422859
60.00500,116.73307113
60.01000,116.74191879
60.01500,116.75077078
60.02000,116.75962780
60.02500,116.76848935
60.03000,116.77735403
60.03500,116.78621924
60.04000,116.79508452
60.04500,116.80394927
60.05000,116.81281340
60.05500,116.82167562
60.06000,116.83053595
60.06500,116.83939460
60.07000,116.84825225
60.07500,116.85710829
60.08000,116.86596303
60.08500,116.87481678
60.09000,116.88367089
60.09500,116.89252529
60.10000,116.90138052
60.10500,116.91023640
60.11000,116.91909396
60.11500,116.92795297
60.12000,116.93681321
60.12500,116.94567479
60.13000,116.95453863
60.13500,116.96340560
60.14000,116.97227436
60.14500,116.98114513
60.15000,116.99001737
60.15500,116.99889154
60.16000,117.00776630
60.16500,117.01664183
60.17000,117.02551801
60.17500,117.03439610
60.18000,117.04327558
60.18500,117.05215671
60.19000,117.06103989
60.19500,117.06992566
60.20000,117.07881338
60.20500,117.08770225
60.21000,117.09659259
60.21500,117.10548472
60.22000,117.11437728
60.22500,117.12326915
60.23000,117.13216047
60.23500,117.14105183
60.24000,117.14994223
60.24500,117.15883098
60.25000,117.16771884
60.25500,117.17660680
60.26000,117.18549509
60.26500,117.19438270
60.27000,117.20327013
60.27500,117.21215697
60.28000,117.22104300
60.28500,117.22992666
60.29000,117.23880885
60.29500,117.24769028
60.30000,117.25657232
60.30500,117.26545459
60.31000,117.27433878
60.31500,117.28322422
60.32000,117.29211059
60.32500,117.30099632
60.33000,117.30988299
60.33500,117.31877098
60.34000,117.32766138
60.34500,117.33655328
60.35000,117.34544777
60.35500,117.35434400
60.36000,117.36324206
60.36500,117.37214048
60.37000,117.38103940
60.37500,117.38993830
60.38000,117.39883692
60.38500,117.40773566
60.39000,117.41663560
60.39500,117.42553727
60.40000,117.43443993
60.40500,117.44334434
60.41000,117.45225123
60.41500,117.46116038
60.42000,117.47007059
60.42500,117.47898148
60.43000,117.48789446
60.43500,117.49680944
60.44000,117.50572612
60.44500,117.51464442
60.45000,117.52356620
60.45500,117.53249243
60.46000,117.54142331
60.46500,117.55035813
60.47000,117.55929789
60.47500,117.56824224
60.48000,117.57719066
60.48500,117.58614264
60.49000,117.59509892
60.49500,117.60405953
60.50000,117.61302420
60.50500,117.62199286
60.51000,117.63096622
60.51500,117.63994416
60.52000,117.64892594
60.52500,117.65791111
60.53000,117.66689967
60.53500,117.67589185
60.54000,117.68488744
60.54500,117.69388518
60.55000,117.70288538
60.55500,117.71188793
60.56000,117.72089331
60.56500,117.72990118
60.57000,117.73891219
60.57500,117.74792616
60.58000,117.75694244
60.58500,117.76595979
60.59000,117.77497759
60.59500,117.78399598
60.60000,117.79301486
60.60500,117.80203461
60.61000,117.81105436
60.61500,117.82007441
60.62000,117.82909366
60.62500,117.83811282
60.63000,117.84713084
60.63500,117.85614879
60.64000,117.86516678
60.64500,117.87418506
60.65000,117.88320346
60.65500,117.89222225
60.66000,117.90124187
60.66500,117.91026182
60.67000,117.91928212
60.67500,117.92830224
60.68000,117.93732257
60.68500,117.94634331
60.69000,117.95536452
60.69500,117.96438570
60.70000,117.97340653
60.70500,117.98242782
60.71000,117.99144875
60.71500,118.00046925
60.72000,118.00948763
60.72500,118.01850454
60.73000,118.02751990
60.73500,118.03653389
60.74000,118.04554565
60.74500,118.05455472
60.75000,118.06356166
60.75500,118.07256583
60.76000,118.08156663
60.76500,118.09056333
60.77000,118.09955659
60.77500,118.10854613
60.78000,118.11753181
60.78500,118.12651390
60.79000,118.13549343
60.79500,118.14447124
60.80000,118.15344651
60.80500,118.16241929
60.81000,118.17138881
60.81500,118.18035614
60.82000,118.18932088
60.82500,118.19828345
60.83000,118.20724408
60.83500,118.21620396
60.84000,118.22516257
60.84500,118.23411984
60.85000,118.24307540
60.85500,118.25203039
60.86000,118.26098429
60.86500,118.26993693
60.87000,118.27888776
60.87500,118.28783725
60.88000,118.29678610
60.88500,118.30573460
60.89000,118.31468317
60.89500,118.32363231
60.90000,118.33258310
60.90500,118.34153570
60.91000,118.35049080
60.91500,118.35944784
60.92000,118.36840744
60.92500,118.37736839
60.93000,118.38633020
60.93500,118.39529131
60.94000,118.40425159
60.94500,118.41320946
60.95000,118.42216396
60.95500,118.43111461
60.96000,118.44006175
60.96500,118.44900420
60.97000,118.45794139
60.97500,118.46687261
60.98000,118.47579938
60.98500,118.48472139
60.99000,118.49363834
60.99500,118.50254988
61.00000,118.51145728
61.00500,118.52036165
61.01000,118.52926160
61.01500,118.53815678
61.02000,118.54704720
61.02500,118.55593445
61.03000,118.56481714
61.03500,118.57369530
61.04000,118.58256980
61.04500,118.59144224
61.05000,118.60031282
61.05500,118.60918146
61.06000,118.61805021
61.06500,118.62692074
61.07000,118.63579485
61.07500,118.64467171
61.08000,118.65355331
61.08500,118.66243951
61.09000,118.67133054
61.09500,118.68022490
61.10000,118.68912412
61.10500,118.69802796
61.11000,118.70693737
61.11500,118.71585107
61.12000,118.72476990
61.12500,118.73369390
61.13000,118.74262325
61.13500,118.75155640
61.14000,118.76049236
61.14500,118.76943163
61.15000,118.77837360
61.15500,118.78731790
61.16000,118.79626330
61.16500,118.80521061
61.17000,118.81415956
61.17500,118.82310956
61.18000,118.83205931
61.18500,118.84100911
61.19000,118.84995900
61.19500,118.85890830
61.20000,118.86785565
61.20500,118.87680109
61.21000,118.88574655
61.21500,118.89469240
61.22000,118.90363989
61.22500,118.91258860
61.23000,118.92154003
61.23500,118.93049376
61.24000,118.93944975
61.24500,118.94840756
61.25000,118.95736719
61.25500,118.96632800
61.26000,118.97528849
61.26500,118.98424910
61.27000,118.99321021
61.27500,119.00217232
61.28000,119.01113510
61.28500,119.02009920
61.29000,119.02906592
61.29500,119.03803502
61.30000,119.04700562
61.30500,119.05597706
61.31000,119.06494979
61.31500,119.07392370
61.32000,119.08289755
61.32500,119.09187125
61.33000,119.10084425
61.33500,119.10981716
61.34000,119.11878862
61.34500,119.12775977
61.35000,119.13673059
61.35500,119.14570226
61.36000,119.15467307
61.36500,119.16364351
61.37000,119.17261206
61.37500,119.18158010
61.38000,119.19054731
61.38500,119.19951510
61.39000,119.20848396
61.39500,119.21745556
61.40000,119.22642944
61.40500,119.23540660
61.41000,119.24438623
61.41500,119.25336868
61.42000,119.26235291
61.42500,119.27133995
61.43000,119.28032899
61.43500,119.28932025
61.44000,119.29831308
61.44500,119.30730819
61.45000,119.31630589
61.45500,119.32530617
61.46000,119.33430942
61.46500,119.34331480
61.47000,119.35232261
61.47500,119.36133151
61.48000,119.37034246
61.48500,119.37935448
61.49000,119.38836837
61.49500,119.39738380
61.50000,119.40640184
61.50500,119.41542240
61.51000,119.42444527
61.51500,119.43347100
61.52000,119.44249929
61.52500,119.45153041
61.53000,119.46056344
61.53500,119.46959901
61.54000,119.47863701
61.54500,119.48767820
61.55000,119.49672124
61.55500,119.50576655
61.56000,119.51481422
61.56500,119.52386476
61.57000,119.53291704
61.57500,119.54197126
61.58000,119.55102823
61.58500,119.56008773
61.59000,119.56914873
61.59500,119.57821069
61.60000,119.58727337
61.60500,119.59633676
61.61000,119.60539981
61.61500,119.61446226
61.62000,119.62352394
61.62500,119.63258536
61.63000,119.64164518
61.63500,119.65070307
61.64000,119.65975901
61.64500,119.66881463
61.65000,119.67786932
61.65500,119.68692267
61.66000,119.69597409
61.66500,119.70502562
61.67000,119.71407654
61.67500,119.72312645
61.68000,119.73217519
61.68500,119.74122440
61.69000,119.75027336
61.69500,119.75932153
61.70000,119.76836802
61.70500,119.77741373
61.71000,119.78645789
61.71500,119.79549979
61.72000,119.80453905
61.72500,119.81357701
61.73000,119.82261342
61.73500,119.83164836
61.74000,119.84068204
61.74500,119.84971545
61.75000,119.85874803
61.75500,119.86777895
61.76000,119.87680801
61.76500,119.88583502
61.77000,119.89485912
61.77500,119.90388053
61.78000,119.91289941
61.78500,119.92191650
61.79000,119.93093174
61.79500,119.93994561
61.80000,119.94895792
61.80500,119.95796952
61.81000,119.96698082
61.81500,119.97599366
61.82000,119.98500789
61.82500,119.99402388
61.83000,120.00304120
61.83500,120.01206045
61.84000,120.02108163
61.84500,120.03010529
61.85000,120.03913133
61.85500,120.04815948
61.86000,120.05718959
61.86500,120.06622126
61.87000,120.07525336
61.87500,120.08428499
61.88000,120.09331610
61.88500,120.10234630
61.89000,120.11137450
61.89500,120.12040051
61.90000,120.12942366
61.90500,120.13844395
61.91000,120.14746067
61.91500,120.15647436
61.92000,120.16548517
61.92500,120.17449430
61.93000,120.18350151
61.93500,120.19250811
61.94000,120.20151425
61.94500,120.21052038
61.95000,120.21952552
61.95500,120.22853000
61.96000,120.23753345
61.96500,120.24653590
61.97000,120.25553678
61.97500,120.26453603
61.98000,120.27353332
61.98500,120.28252820
61.99000,120.29152003
61.99500,120.30050806
62.00000,120.30949295
62.00500,120.31847490
62.01000,120.32745509
62.01500,120.33643316
62.02000,120.34540926
62.02500,120.35438318
62.03000,120.36335566
62.03500,120.37232674
62.04000,120.38129679
62.04500,120.39026589
62.05000,120.39923535
62.05500,120.40820548
62.06000,120.41717662
62.06500,120.42614896
62.07000,120.43512341
62.07500,120.44409987
62.08000,120.45307805
62.08500,120.46205746
62.09000,120.47103910
62.09500,120.48002239
62.10000,120.48900710
62.10500,120.49799257
62.11000,120.50698029
62.11500,120.51596962
62.12000,120.52496048
62.12500,120.53395229
62.13000,120.54294563
62.13500,120.55194123
62.14000,120.56093793
62.14500,120.56993592
62.15000,120.57893540
62.15500,120.58793772
62.16000,120.59694140
62.16500,120.60594745
62.17000,120.61495469
62.17500,120.62396431
62.18000,120.63297458
62.18500,120.64198663
62.19000,120.65099900
62.19500,120.66001380
62.20000,120.66902986
62.20500,120.67804865
62.21000,120.68706943
62.21500,120.69609319
62.22000,120.70511801
62.22500,120.71414346
62.23000,120.72316838
62.23500,120.73219274
62.24000,120.74121507
62.24500,120.75023466
62.25000,120.75925242
62.25500,120.76826858
62.26000,120.77728392
62.26500,120.78629762
62.27000,120.79531116
62.27500,120.80432396
62.28000,120.81333721
62.28500,120.82234876
62.29000,120.83135916
62.29500,120.84036710
62.30000,120.84937227
62.30500,120.85837367
62.31000,120.86737226
62.31500,120.87636892
62.32000,120.88536387
62.32500,120.89435684
62.33000,120.90334817
62.33500,120.91233931
62.34000,120.92133058
62.34500,120.93032301
62.35000,120.93931691
62.35500,120.94831294
62.36000,120.95731141
62.36500,120.96631145
62.37000,120.97531244
62.37500,120.98431298
62.38000,120.99331336
62.38500,121.00231163
62.39000,121.01130720
62.39500,121.02029800
62.40000,121.02928454
62.40500,121.03826515
62.41000,121.04723995
62.41500,121.05620871
62.42000,121.06517279
62.42500,121.07413379
62.43000,121.08309114
62.43500,121.09204622
62.44000,121.10099844
62.44500,121.10995039
62.45000,121.11890157
62.45500,121.12785400
62.46000,121.13680768
62.46500,121.14576424
62.47000,121.15472379
62.47500,121.16368651
62.48000,121.17265322
62.48500,121.18162319
62.49000,121.19059751
62.49500,121.19957578
62.50000,121.20855996
62.50500,121.21754978
62.51000,121.22654586
62.51500,121.23554725
62.52000,121.24455357
62.52500,121.25356432
62.53000,121.26257898
62.53500,121.27159734
62.54000,121.28061787
62.54500,121.28964038
62.55000,121.29866334
62.55500,121.30768594
62.56000,121.31670645
62.56500,121.32572500
62.57000,121.33474064
62.57500,121.34375424
62.58000,121.35276633
62.58500,121.36177762
62.59000,121.37078821
62.59500,121.37979807
62.60000,121.38880832
62.60500,121.39781954
62.61000,121.40683153
62.61500,121.41584375
62.62000,121.42485607
62.62500,121.43386976
62.63000,121.44288426
62.63500,121.45189952
62.64000,121.46091601
62.64500,121.46993378
62.65000,121.47895179
62.65500,121.48796823
62.66000,121.49698310
62.66500,121.50599708
62.67000,121.51500963
62.67500,121.52402037
62.68000,121.53302945
62.68500,121.54203865
62.69000,121.55104702
62.69500,121.56005485
62.70000,121.56906262
62.70500,121.57807233
62.71000,121.58708303
62.71500,121.59609486
62.72000,121.60510830
62.72500,121.61412446
62.73000,121.62314343
62.73500,121.63216421
62.74000,121.64118781
62.74500,121.65021449
62.75000,121.65924487
62.75500,121.66827587
62.76000,121.67730732
62.76500,121.68633942
62.77000,121.69537375
62.77500,121.70440810
62.78000,121.71344271
62.78500,121.72247817
62.79000,121.73151591
62.79500,121.74055496
62.80000,121.74959554
62.80500,121.75863835
62.81000,121.76768564
62.81500,121.77673622
62.82000,121.78579029
62.82500,121.79484815
62.83000,121.80391079
62.83500,121.81297604
62.84000,121.82204181
62.84500,121.83110783
62.85000,121.84017512
62.85500,121.84924366
62.86000,121.85831238
62.86500,121.86738113
62.87000,121.87645062
62.87500,121.88552057
62.88000,121.89459001
62.88500,121.90365863
62.89000,121.91272788
62.89500,121.92179694
62.90000,121.93086572
62.90500,121.93993435
62.91000,121.94900466
62.91500,121.95807646
62.92000,121.96714936
62.92500,121.97622305
62.93000,121.98529843
62.93500,121.99437585
62.94000,122.00345446
62.94500,122.01253357
62.95000,122.02161296
62.95500,122.03069325
62.96000,122.03977302
62.96500,122.04885204
62.97000,122.05792983
62.97500,122.06700684
62.98000,122.07608181
62.98500,122.08515403
62.99000,122.09422301
62.99500,122.10328906
63.00000,122.11235159
63.00500,122.12141130
63.01000,122.13046745
63.01500,122.13952164
63.02000,122.14857273
63.02500,122.15762138
63.03000,122.16666689
63.03500,122.17571162
63.04000,122.18475667
63.04500,122.19380237
63.05000,122.20284849
63.05500,122.21189532
63.06000,122.22094420
63.06500,122.22999385
63.07000,122.23904377
63.07500,122.24809356
63.08000,122.25714520
63.08500,122.26619941
63.09000,122.27525534
63.09500,122.28431214
63.10000,122.29336968
63.10500,122.30242869
63.11000,122.31148667
63.11500,122.32054449
63.12000,122.32960228
63.12500,122.33866222
63.13000,122.34772263
63.13500,122.35678405
63.14000,122.36584652
63.14500,122.37491078
63.15000,122.38397590
63.15500,122.39304080
63.16000,122.40210625
63.16500,122.41117156
63.17000,122.42023637
63.17500,122.42929825
63.18000,122.43835814
63.18500,122.44741553
63.19000,122.45647088
63.19500,122.46552357
63.20000,122.47457538
63.20500,122.48362774
63.21000,122.49267975
63.21500,122.50173119
63.22000,122.51078209
63.22500,122.51983445
63.23000,122.52888770
63.23500,122.53794207
63.24000,122.54699795
63.24500,122.55605646
63.25000,122.56511612
63.25500,122.57417658
63.26000,122.58323710
63.26500,122.59229842
63.27000,122.60136021
63.27500,122.61042202
63.28000,122.61948356
63.28500,122.62854429
63.29000,122.63760235
63.29500,122.64665702
63.30000,122.65570767
63.30500,122.66475553
63.31000,122.67380072
63.31500,122.68284341
63.32000,122.69188367
63.32500,122.70092129
63.33000,122.70995687
63.33500,122.71899067
63.34000,122.72802476
63.34500,122.73706007
63.35000,122.74609895
63.35500,122.75514125
63.36000,122.76418826
63.36500,122.77323986
63.37000,122.78229660
63.37500,122.79135856
63.38000,122.80042557
63.38500,122.80949922
63.39000,122.81857923
63.39500,122.82766678
63.40000,122.83676054
63.40500,122.84586103
63.41000,122.85496656
63.41500,122.86407661
63.42000,122.87318958
63.42500,122.88230560
63.43000,122.89142408
63.43500,122.90054523
63.44000,122.90966864
63.44500,122.91879423
63.45000,122.92792143
63.45500,122.93705071
63.46000,122.94618201
63.46500,122.95531582
63.47000,122.96445243
63.47500,122.97359413
63.48000,122.98274131
63.48500,122.99189485
63.49000,123.00105475
63.49500,123.01022252
63.50000,123.01939809
63.50500,123.02858181
63.51000,123.03777437
63.51500,123.04697513
63.52000,123.05618471
63.52500,123.06540097
63.53000,123.07462443
63.53500,123.08385356
63.54000,123.09309003
63.54500,123.10233228
63.55000,123.11158067
63.55500,123.12083403
63.56000,123.13009277
63.56500,123.13935555
63.57000,123.14862155
63.57500,123.15789108
63.58000,123.16716512
63.58500,123.17644474
63.59000,123.18572945
63.59500,123.19502009
63.60000,123.20431518
63.60500,123.21361497
63.61000,123.22291757
63.61500,123.23222317
63.62000,123.24153153
63.62500,123.25084290
63.63000,123.26015770
63.63500,123.26947605
63.64000,123.27879963
63.64500,123.28812731
63.65000,123.29745938
63.65500,123.30679490
63.66000,123.31613609
63.66500,123.32548217
63.67000,123.33483349
63.67500,123.34418988
63.68000,123.35355226
63.68500,123.36292028
63.69000,123.37229279
63.69500,123.38166944
63.70000,123.39105014
63.70500,123.40043443
63.71000,123.40982185
63.71500,123.41921127
63.72000,123.42860350
63.72500,123.43799680
63.73000,123.44739013
63.73500,123.45678188
63.74000,123.46617159
63.74500,123.47555936
63.75000,123.48494487
63.75500,123.49432818
63.76000,123.50370936
63.76500,123.51308929
63.77000,123.52246824
63.77500,123.53184731
63.78000,123.54122628
63.78500,123.55060660
63.79000,123.55998873
63.79500,123.56937340
63.80000,123.57875985
63.80500,123.58814933
63.81000,123.59754234
63.81500,123.60693907
63.82000,123.61633822
63.82500,123.62573905
63.83000,123.63514077
63.83500,123.64454283
63.84000,123.65394446
63.84500,123.66334605
63.85000,123.67274739
63.85500,123.68214838
63.86000,123.69154838
63.86500,123.70094648
63.87000,123.71034270
63.87500,123.71973577
63.88000,123.72912581
63.88500,123.73851159
63.89000,123.74789368
63.89500,123.75727021
63.90000,123.76664198
63.90500,123.77600804
63.91000,123.78536904
63.91500,123.79472521
63.92000,123.80407723
63.92500,123.81342538
63.93000,123.82276965
63.93500,123.83211111
63.94000,123.84144899
63.94500,123.85078333
63.95000,123.86011422
63.95500,123.86944303
63.96000,123.87877095
63.96500,123.88809796
63.97000,123.89742533
63.97500,123.90675253
63.98000,123.91608201
63.98500,123.92541255
63.99000,123.93474427
63.99500,123.94407567
64.00000,123.95340634
64.00500,123.96273600
64.01000,123.97206382
64.01500,123.98138947
64.02000,123.99071264
64.02500,124.00003269
64.03000,124.00934868
64.03500,124.01865907
64.04000,124.02796323
64.04500,124.03725936
64.05000,124.04654836
64.05500,124.05582965
64.06000,124.06510465
64.06500,124.07437286
64.07000,124.08363593
64.07500,124.09289433
64.08000,124.10214951
64.08500,124.11140217
64.09000,124.12065282
64.09500,124.12990227
64.10000,124.13914971
64.10500,124.14839650
64.11000,124.15764252
64.11500,124.16688860
64.12000,124.17613470
64.12500,124.18538090
64.13000,124.19462808
64.13500,124.20387604
64.14000,124.21312594
64.14500,124.22237683
64.15000,124.23162980
64.15500,124.24088367
64.16000,124.25013822
64.16500,124.25939200
64.17000,124.26864535
64.17500,124.27789777
64.18000,124.28714903
64.18500,124.29639901
64.19000,124.30564845
64.19500,124.31489772
64.20000,124.32414634
64.20500,124.33339356
64.21000,124.34263954
64.21500,124.35188496
64.22000,124.36112974
64.22500,124.37037286
64.23000,124.37961504
64.23500,124.38885572
64.24000,124.39809537
64.24500,124.40733154
64.25000,124.41656540
64.25500,124.42579709
64.26000,124.43502787
64.26500,124.44425649
64.27000,124.45348420
64.27500,124.46271202
64.28000,124.47194128
64.28500,124.48117036
64.29000,124.49039807
64.29500,124.49962391
64.30000,124.50884741
64.30500,124.51806820
64.31000,124.52728633
64.31500,124.53650207
64.32000,124.54571653
64.32500,124.55492909
64.33000,124.56414059
64.33500,124.57335072
64.34000,124.58255983
64.34500,124.59176643
64.35000,124.60097161
64.35500,124.61017576
64.36000,124.61937993
64.36500,124.62858312
64.37000,124.63778617
64.37500,124.64699043
64.38000,124.65619602
64.38500,124.66540226
64.39000,124.67460827
64.39500,124.68381512
64.40000,124.69302270
64.40500,124.70223010
64.41000,124.71143696
64.41500,124.72064455
64.42000,124.72985320
64.42500,124.73906121
64.43000,124.74826771
64.43500,124.75747239
64.44000,124.76667581
64.44500,124.77587771
64.45000,124.78507799
64.45500,124.79427741
64.46000,124.80347727
64.46500,124.81267592
64.47000,124.82187295
64.47500,124.83106865
64.48000,124.84026353
64.48500,124.84945724
64.49000,124.85865047
64.49500,124.86784536
64.50000,124.87704205
64.50500,124.88623986
64.51000,124.89543833
64.51500,124.90463927
64.52000,124.91384258
64.52500,124.92304844
64.53000,124.93225573
64.53500,124.94146639
64.54000,124.95068037
64.54500,124.95989733
64.55000,124.96911509
64.55500,124.97833448
64.56000,124.98755576
64.56500,124.99677917
64.57000,125.00600257
64.57500,125.01522572
64.58000,125.02444761
64.58500,125.03366756
64.59000,125.04288362
64.59500,125.05209605
64.60000,125.06130312
64.60500,125.07050476
64.61000,125.07969939
64.61500,125.08888766
64.62000,125.09806905
64.62500,125.10724393
64.63000,125.11641235
64.63500,125.12557453
64.64000,125.13473147
64.64500,125.14388267
64.65000,125.15302887
64.65500,125.16217124
64.66000,125.17131139
64.66500,125.18045089
64.67000,125.18959015
64.67500,125.19873121
64.68000,125.20787358
64.68500,125.21701952
64.69000,125.22616791
64.69500,125.23532125
64.70000,125.24447841
64.70500,125.25364082
64.71000,125.26280690
64.71500,125.27197801
64.72000,125.28115426
64.72500,125.29033604
64.73000,125.29952296
64.73500,125.30871487
64.74000,125.31791173
64.74500,125.32711193
64.75000,125.33631558
64.75500,125.34552053
64.76000,125.35472817
64.76500,125.36393708
64.77000,125.37314714
64.77500,125.38235761
64.78000,125.39156973
64.78500,125.40078175
64.79000,125.40999263
64.79500,125.41920039
64.80000,125.42840608
64.80500,125.43760879
64.81000,125.44680807
64.81500,125.45600326
64.82000,125.46519585
64.82500,125.47438542
64.83000,125.48357144
64.83500,125.49275382
64.84000,125.50193468
64.84500,125.51111464
64.85000,125.52029397
64.85500,125.52947323
64.86000,125.53865339
64.86500,125.54783546
64.87000,125.55701868
64.87500,125.56620408
64.88000,125.57539128
64.88500,125.58458159
64.89000,125.59377405
64.89500,125.60296976
64.90000,125.61216718
64.90500,125.62136648
64.91000,125.63056498
64.91500,125.63976337
64.92000,125.64896144
64.92500,125.65816078
64.93000,125.66736083
64.93500,125.67656275
64.94000,125.68576706
64.94500,125.69497452
64.95000,125.70418436
64.95500,125.71339706
64.96000,125.72261267
64.96500,125.73183167
64.97000,125.74105272
64.97500,125.75027575
64.98000,125.75950088
64.98500,125.76872765
64.99000,125.77795528
64.99500,125.78718200
65.00000,125.79640788
65.00500,125.80563212
65.01000,125.81485485
65.01500,125.82407459
65.02000,125.83329183
65.02500,125.84250578
65.03000,125.85171725
65.03500,125.86092606
65.04000,125.87013213
65.04500,125.87933579
65.05000,125.88853778
65.05500,125.89774066
65.06000,125.90694367
65.06500,125.91614808
65.07000,125.92535380
65.07500,125.93456274
65.08000,125.94377367
65.08500,125.95298656
65.09000,125.96220189
65.09500,125.97141998
65.10000,125.98064026
65.10500,125.98986008
65.11000,125.99907962
65.11500,126.00829834
65.12000,126.01751588
65.12500,126.02672956
65.13000,126.03593908
65.13500,126.04514444
65.14000,126.05434415
65.14500,126.06353689
65.15000,126.07272288
65.15500,126.08190374
65.16000,126.09107952
65.16500,126.10025037
65.17000,126.10941701
65.17500,126.11858224
65.18000,126.12774533
65.18500,126.13690602
65.19000,126.14606269
65.19500,126.15521639
65.20000,126.16436621
65.20500,126.17351300
65.21000,126.18265627
65.21500,126.19179735
65.22000,126.20093708
65.22500,126.21007635
65.23000,126.21921462
65.23500,126.22835168
65.24000,126.23748737
65.24500,126.24662200
65.25000,126.25575476
65.25500,126.26488632
65.26000,126.27401625
65.26500,126.28314584
65.27000,126.29227502
65.27500,126.30140513
65.28000,126.31053495
65.28500,126.31966538
65.29000,126.32879569
65.29500,126.33792596
65.30000,126.34705530
65.30500,126.35618368
65.31000,126.36531256
65.31500,126.37444106
65.32000,126.38356859
65.32500,126.39269337
65.33000,126.40181682
65.33500,126.41093758
65.34000,126.42005498
65.34500,126.42916662
65.35000,126.43827355
65.35500,126.44737573
65.36000,126.45647250
65.36500,126.46556284
65.37000,126.47464717
65.37500,126.48372692
65.38000,126.49280116
65.38500,126.50186964
65.39000,126.51093277
65.39500,126.51999179
65.40000,126.52904614
65.40500,126.53809529
65.41000,126.54713861
65.41500,126.55617668
65.42000,126.56520949
65.42500,126.57423828
65.43000,126.58326348
65.43500,126.59228741
65.44000,126.60131039
65.44500,126.61033460
65.45000,126.61935971
65.45500,126.62838788
65.46000,126.63741903
65.46500,126.64645488
65.47000,126.65549336
65.47500,126.66453537
65.48000,126.67358067
65.48500,126.68263144
65.49000,126.69168685
65.49500,126.70074660
65.50000,126.70981175
65.50500,126.71888259
65.51000,126.72795864
65.51500,126.73703761
65.52000,126.74611985
65.52500,126.75520385
65.53000,126.76428896
65.53500,126.77337384
65.54000,126.78245869
65.54500,126.79154419
65.55000,126.80062895
65.55500,126.80971269
65.56000,126.81879421
65.56500,126.82787514
65.57000,126.83695422
65.57500,126.84603163
65.58000,126.85510765
65.58500,126.86418432
65.59000,126.87326123
65.59500,126.88233842
65.60000,126.89141594
65.60500,126.90049434
65.61000,126.90957291
65.61500,126.91865016
65.62000,126.92772721
65.62500,126.93680479
65.63000,126.94588376
65.63500,126.95496202
65.64000,126.96404047
65.64500,126.97311881
65.65000,126.98219709
65.65500,126.99127304
65.66000,127.00034771
65.66500,127.00942107
65.67000,127.01849402
65.67500,127.02756534
65.68000,127.03663652
65.68500,127.04570803
65.69000,127.05478171
65.69500,127.06385615
65.70000,127.07293273
65.70500,127.08201157
65.71000,127.09109387
65.71500,127.10017789
65.72000,127.10926404
65.72500,127.11835295
65.73000,127.12744541
65.73500,127.13654017
65.74000,127.14563602
65.74500,127.15473281
65.75000,127.16383079
65.75500,127.17292956
65.76000,127.18202805
65.76500,127.19112669
65.77000,127.20022539
65.77500,127.20932471
65.78000,127.21842229
65.78500,127.22751907
65.79000,127.23661356
65.79500,127.24570604
65.80000,127.25479457
65.80500,127.26387948
65.81000,127.27296163
65.81500,127.28204156
65.82000,127.29112001
65.82500,127.30019689
65.83000,127.30927368
65.83500,127.31834921
65.84000,127.32742442
65.84500,127.33649861
65.85000,127.34557437
65.85500,127.35465124
65.86000,127.36373069
65.86500,127.37281282
65.87000,127.38189885
65.87500,127.39098970
65.88000,127.40008531
65.88500,127.40918661
65.89000,127.41829242
65.89500,127.42740351
65.90000,127.43651824
65.90500,127.44563795
65.91000,127.45476130
65.91500,127.46388971
65.92000,127.47302187
65.92500,127.48215887
65.93000,127.49129991
65.93500,127.50044540
65.94000,127.50959470
65.94500,127.51874733
65.95000,127.52790281
65.95500,127.53706046
65.96000,127.54622113
65.96500,127.55538505
65.97000,127.56455363
65.97500,127.57372624
65.98000,127.58290342
65.98500,127.59208478
65.99000,127.60126982
65.99500,127.61045817
66.00000,127.61964878
66.00500,127.62884278
66.01000,127.63803941
66.01500,127.64723988
66.02000,127.65644273
66.02500,127.66564734
66.03000,127.67485251
66.03500,127.68405830
66.04000,127.69326530
66.04500,127.70247305
66.05000,127.71168167
66.05500,127.72088970
66.06000,127.73009746
66.06500,127.73930382
66.07000,127.74850905
66.07500,127.75771221
66.08000,127.76691349
66.08500,127.77611275
66.09000,127.78531004
66.09500,127.79450610
66.10000,127.80370068
66.10500,127.81289465
66.11000,127.82208706
66.11500,127.83127906
66.12000,127.84047053
66.12500,127.84966237
66.13000,127.85885335
66.13500,127.86804493
66.14000,127.87723570
66.14500,127.88642644
66.15000,127.89561548
66.15500,127.90480556
66.16000,127.91399673
66.16500,127.92319048
66.17000,127.93238459
66.17500,127.94158106
66.18000,127.95077961
66.18500,127.95998062
66.19000,127.96918200
66.19500,127.97838417
66.20000,127.98758745
66.20500,127.99679306
66.21000,128.00600004
66.21500,128.01520948
66.22000,128.02442089
66.22500,128.03363487
66.23000,128.04284800
66.23500,128.05206072
66.24000,128.06127268
66.24500,128.07048438
66.25000,128.07969484
66.25500,128.08890471
66.26000,128.09811524
66.26500,128.10732601
66.27000,128.11653599
66.27500,128.12574310
66.28000,128.13494890
66.28500,128.14415254
66.29000,128.15335525
66.29500,128.16255642
66.30000,128.17175943
66.30500,128.18096438
66.31000,128.19017086
66.31500,128.19937673
66.32000,128.20858311
66.32500,128.21779097
66.33000,128.22700049
66.33500,128.23621180
66.34000,128.24542515
66.34500,128.25464264
66.35000,128.26386266
66.35500,128.27308360
66.36000,128.28230473
66.36500,128.29152666
66.37000,128.30074766
66.37500,128.30996441
66.38000,128.31917694
66.38500,128.32838364
66.39000,128.33758359
66.39500,128.34677374
66.40000,128.35595358
66.40500,128.36512169
66.41000,128.37427893
66.41500,128.38342421
66.42000,128.39255863
66.42500,128.40168293
66.43000,128.41079831
66.43500,128.41990420
66.44000,128.42900116
66.44500,128.43809026
66.45000,128.44717204
66.45500,128.45624584
66.46000,128.46531176
66.46500,128.47437141
66.47000,128.48342547
66.47500,128.49247339
66.48000,128.50151563
66.48500,128.51055397
66.49000,128.51958807
66.49500,128.52861792
66.50000,128.53764362
66.50500,128.54666683
66.51000,128.55568785
66.51500,128.56470755
66.52000,128.57372587
66.52500,128.58274277
66.53000,128.59175884
66.53500,128.60077339
66.54000,128.60978650
66.54500,128.61879698
66.55000,128.62780562
66.55500,128.63681166
66.56000,128.64581566
66.56500,128.65481743
66.57000,128.66381692
66.57500,128.67281433
66.58000,128.68180793
66.58500,128.69079760
66.59000,128.69978291
66.59500,128.70876487
66.60000,128.71774225
66.60500,128.72671589
66.61000,128.73568675
66.61500,128.74465614
66.62000,128.75362337
66.62500,128.76258767
66.63000,128.77155007
66.63500,128.78051161
66.64000,128.78947257
66.64500,128.79843226
66.65000,128.80739087
66.65500,128.81634964
66.66000,128.82530840
66.66500,128.83426685
66.67000,128.84322452
66.67500,128.85218219
66.68000,128.86113987
66.68500,128.87009762
66.69000,128.87905511
66.69500,128.88801248
66.70000,128.89696926
66.70500,128.90592434
66.71000,128.91487647
66.71500,128.92382544
66.72000,128.93277090
66.72500,128.94171279
66.73000,128.95065147
66.73500,128.95958822
66.74000,128.96852412
66.74500,128.97745984
66.75000,128.98639609
66.75500,128.99533437
66.76000,129.00427522
66.76500,129.01321925
66.77000,129.02216651
66.77500,129.03111840
66.78000,129.04007587
66.78500,129.04903864
66.79000,129.05800800
66.79500,129.06698395
66.80000,129.07596749
66.80500,129.08495739
66.81000,129.09395326
66.81500,129.10295419
66.82000,129.11196144
66.82500,129.12097430
66.83000,129.12999148
66.83500,129.13901279
66.84000,129.14803782
66.84500,129.15706548
66.85000,129.16609408
66.85500,129.17512348
66.86000,129.18415362
66.86500,129.19318312
66.87000,129.20220982
66.87500,129.21123262
66.88000,129.22025303
66.88500,129.22927091
66.89000,129.23828500
66.89500,129.24729400
66.90000,129.25629956
66.90500,129.26530137
66.91000,129.27429884
66.91500,129.28329109
66.92000,129.29227949
66.92500,129.30126424
66.93000,129.31024419
66.93500,129.31921767
66.94000,129.32818526
66.94500,129.33714746
66.95000,129.34610357
66.95500,129.35505380
66.96000,129.36400042
66.96500,129.37294499
66.97000,129.38188610
66.97500,129.39082285
66.98000,129.39975629
66.98500,129.40868875
66.99000,129.41761943
66.99500,129.42655047
67.00000,129.43548270
67.00500,129.44441861
67.01000,129.45335495
67.01500,129.46229065
67.02000,129.47122525
67.02500,129.48015951
67.03000,129.48909214
67.03500,129.49802260
67.04000,129.50695216
67.04500,129.51588119
67.05000,129.52480990
67.05500,129.53373751
67.06000,129.54266491
67.06500,129.55159239
67.07000,129.56051967
67.07500,129.56944642
67.08000,129.57837394
67.08500,129.58730379
67.09000,129.59623559
67.09500,129.60517056
67.10000,129.61410886
67.10500,129.62305076
67.11000,129.63199528
67.11500,129.64094241
67.12000,129.64989265
67.12500,129.65884622
67.13000,129.66780268
67.13500,129.67676179
67.14000,129.68572615
67.14500,129.69469515
67.15000,129.70366877
67.15500,129.71264535
67.16000,129.72162583
67.16500,129.73060839
67.17000,129.73959142
67.17500,129.74857425
67.18000,129.75755800
67.18500,129.76654322
67.19000,129.77552864
67.19500,129.78451367
67.20000,129.79349850
67.20500,129.80248433
67.21000,129.81146975
67.21500,129.82045393
67.22000,129.82943720
67.22500,129.83842093
67.23000,129.84740471
67.23500,129.85638713
67.24000,129.86536871
67.24500,129.87435062
67.25000,129.88333209
67.25500,129.89231218
67.26000,129.90129226
67.26500,129.91027326
67.27000,129.91925607
67.27500,129.92823867
67.28000,129.93722236
67.28500,129.94620728
67.29000,129.95519455
67.29500,129.96418275
67.30000,129.97317234
67.30500,129.98216394
67.31000,129.99115999
67.31500,130.00016011
67.32000,130.00916317
67.32500,130.01816811
67.33000,130.02717560
67.33500,130.03618484
67.34000,130.04519460
67.34500,130.05420374
67.35000,130.06321376
67.35500,130.07222452
67.36000,130.08123507
67.36500,130.09024320
67.37000,130.09925069
67.37500,130.10825681
67.38000,130.11726163
67.38500,130.12626170
67.39000,130.13525832
67.39500,130.14424987
67.40000,130.15323759
67.40500,130.16221978
67.41000,130.17119845
67.41500,130.18017405
67.42000,130.18914829
67.42500,130.19812004
67.43000,130.20709071
67.43500,130.21606202
67.44000,130.22503464
67.44500,130.23400641
67.45000,130.24297689
67.45500,130.25194713
67.46000,130.26091774
67.46500,130.26988670
67.47000,130.27885339
67.47500,130.28781816
67.48000,130.29678021
67.48500,130.30573746
67.49000,130.31468880
67.49500,130.32363475
67.50000,130.33257594
67.50500,130.34151173
67.51000,130.35044133
67.51500,130.35936641
67.52000,130.36828874
67.52500,130.37720945
67.53000,130.38612893
67.53500,130.39504879
67.54000,130.40397118
67.54500,130.41289543
67.55000,130.42182164
67.55500,130.43075016
67.56000,130.43968278
67.56500,130.44861950
67.57000,130.45756111
67.57500,130.46650838
67.58000,130.47546256
67.58500,130.48442441
67.59000,130.49339293
67.59500,130.50236719
67.60000,130.51134522
67.60500,130.52032664
67.61000,130.52930978
67.61500,130.53829382
67.62000,130.54727844
67.62500,130.55626299
67.63000,130.56524697
67.63500,130.57422878
67.64000,130.58320855
67.64500,130.59218543
67.65000,130.60116150
67.65500,130.61013467
67.66000,130.61910464
67.66500,130.62806907
67.67000,130.63702814
67.67500,130.64598105
67.68000,130.65492820
67.68500,130.66387000
67.69000,130.67280805
67.69500,130.68174311
67.70000,130.69067614
67.70500,130.69960786
67.71000,130.70853859
67.71500,130.71746760
67.72000,130.72639464
67.72500,130.73531885
67.73000,130.74424158
67.73500,130.75316221
67.74000,130.76208191
67.74500,130.77100000
67.75000,130.77991848
67.75500,130.78883586
67.76000,130.79775213
67.76500,130.80666636
67.77000,130.81558015
67.77500,130.82449391
67.78000,130.83340780
67.78500,130.84232280
67.79000,130.85124021
67.79500,130.86016080
67.80000,130.86908531
67.80500,130.87801504
67.81000,130.88695157
67.81500,130.89589567
67.82000,130.90484840
67.82500,130.91380976
67.83000,130.92277943
67.83500,130.93175658
67.84000,130.94074138
67.84500,130.94973279
67.85000,130.95873049
67.85500,130.96773349
67.86000,130.97674048
67.86500,130.98575144
67.87000,130.99476545
67.87500,131.00378273
67.88000,131.01280100
67.88500,131.02182043
67.89000,131.03084060
67.89500,131.03986311
67.90000,131.04888629
67.90500,131.05791050
67.91000,131.06693570
67.91500,131.07596252
67.92000,131.08498897
67.92500,131.09401373
67.93000,131.10303678
67.93500,131.11205780
67.94000,131.12107722
67.94500,131.13009411
67.95000,131.13910970
67.95500,131.14812369
67.96000,131.15713578
67.96500,131.16614599
67.97000,131.17515559
67.97500,131.18416505
67.98000,131.19317310
67.98500,131.20218027
67.99000,131.21118632
67.99500,131.22019295
68.00000,131.22919842
68.00500,131.23820492
68.01000,131.24721217
68.01500,131.25622136
68.02000,131.26522980
68.02500,131.27423671
68.03000,131.28324197
68.03500,131.29224549
68.04000,131.30124640
68.04500,131.31024282
68.05000,131.31923541
68.05500,131.32822222
68.06000,131.33720270
68.06500,131.34617429
68.07000,131.35513816
68.07500,131.36409437
68.08000,131.37304268
68.08500,131.38198353
68.09000,131.39091729
68.09500,131.39984719
68.10000,131.40877216
68.10500,131.41769221
68.11000,131.42660770
68.11500,131.43552069
68.12000,131.44443155
68.12500,131.45333946
68.13000,131.46224601
68.13500,131.47115192
68.14000,131.48005887
68.14500,131.48896499
68.15000,131.49787231
68.15500,131.50678123
68.16000,131.51569190
68.16500,131.52460220
68.17000,131.53351223
68.17500,131.54242419
68.18000,131.55133747
68.18500,131.56025152
68.19000,131.56916575
68.19500,131.57808099
68.20000,131.58699746
68.20500,131.59591370
68.21000,131.60482936
68.21500,131.61374468
68.22000,131.62266088
68.22500,131.63157713
68.23000,131.64049321
68.23500,131.64940996
68.24000,131.65832722
68.24500,131.66724467
68.25000,131.67616120
68.25500,131.68507848
68.26000,131.69399614
68.26500,131.70291448
68.27000,131.71183171
68.27500,131.72074871
68.28000,131.72966524
68.28500,131.73857989
68.29000,131.74749132
68.29500,131.75639939
68.30000,131.76530585
68.30500,131.77420994
68.31000,131.78311131
68.31500,131.79200906
68.32000,131.80090453
68.32500,131.80979742
68.33000,131.81868766
68.33500,131.82757550
68.34000,131.83646393
68.34500,131.84535253
68.35000,131.85424217
68.35500,131.86313206
68.36000,131.87202511
68.36500,131.88092205
68.37000,131.88982272
68.37500,131.89872674
68.38000,131.90763565
68.38500,131.91654954
68.39000,131.92546700
68.39500,131.93438667
68.40000,131.94330824
68.40500,131.95223123
68.41000,131.96115393
68.41500,131.97007516
68.42000,131.97899391
68.42500,131.98790946
68.43000,131.99681933
68.43500,132.00572434
68.44000,132.01462340
68.44500,132.02351877
68.45000,132.03240830
68.45500,132.04129445
68.46000,132.05017476
68.46500,132.05905064
68.47000,132.06791939
68.47500,132.07678259
68.48000,132.08564060
68.48500,132.09449303
68.49000,132.10334017
68.49500,132.11218269
68.50000,132.12102496
68.50500,132.12986708
68.51000,132.13871034
68.51500,132.14755338
68.52000,132.15639856
68.52500,132.16524477
68.53000,132.17409134
68.53500,132.18293722
68.54000,132.19178285
68.54500,132.20062867
68.55000,132.20947330
68.55500,132.21831657
68.56000,132.22715809
68.56500,132.23599858
68.57000,132.24483639
68.57500,132.25367009
68.58000,132.26249971
68.58500,132.27132475
68.59000,132.28014519
68.59500,132.28895955
68.60000,132.29777012
68.60500,132.30657609
68.61000,132.31537712
68.61500,132.32417144
68.62000,132.33296011
68.62500,132.34174342
68.63000,132.35052118
68.63500,132.35929303
68.64000,132.36805996
68.64500,132.37682357
68.65000,132.38558390
68.65500,132.39434158
68.66000,132.40309750
68.66500,132.41185292
68.67000,132.42060705
68.67500,132.42935930
68.68000,132.43811085
68.68500,132.44686230
68.69000,132.45561349
68.69500,132.46436476
68.70000,132.47311766
68.70500,132.48187240
68.71000,132.49062879
68.71500,132.49938738
68.72000,132.50814869
68.72500,132.51691333
68.73000,132.52568118
68.73500,132.53445316
68.74000,132.54322942
68.74500,132.55201137
68.75000,132.56079751
68.75500,132.56958727
68.76000,132.57837954
68.76500,132.58717452
68.77000,132.59597307
68.77500,132.60477400
68.78000,132.61357893
68.78500,132.62238631
68.79000,132.63119706
68.79500,132.64000843
68.80000,132.64882117
68.80500,132.65763223
68.81000,132.66644170
68.81500,132.67524798
68.82000,132.68405114
68.82500,132.69285181
68.83000,132.70164916
68.83500,132.71044295
68.84000,132.71923128
68.84500,132.72801574
68.85000,132.73679534
68.85500,132.74557114
68.86000,132.75434307
68.86500,132.76311327
68.87000,132.77188275
68.87500,132.78065252
68.88000,132.78942275
68.88500,132.79819314
68.89000,132.80696483
68.89500,132.81573914
68.90000,132.82451741
68.90500,132.83330186
68.91000,132.84209109
68.91500,132.85088502
68.92000,132.85968268
68.92500,132.86848529
68.93000,132.87729086
68.93500,132.88609885
68.94000,132.89490723
68.94500,132.90371693
68.95000,132.91252772
68.95500,132.92133907
68.96000,132.93014915
68.96500,132.93895689
68.97000,132.94776101
68.97500,132.95656120
68.98000,132.96535526
68.98500,132.97414344
68.99000,132.98292585
68.99500,132.99170328
69.00000,133.00047485
69.00500,133.00924167
69.01000,133.01800473
69.01500,133.02676524
69.02000,133.03552296
69.02500,133.04427743
69.03000,133.05303037
69.03500,133.06178240
69.04000,133.07053403
69.04500,133.07928474
69.05000,133.08803595
69.05500,133.09678946
69.06000,133.10554541
69.06500,133.11430416
69.07000,133.12306618
69.07500,133.13183356
69.08000,133.14060386
69.08500,133.14937749
69.09000,133.15815271
69.09500,133.16693108
69.10000,133.17570929
69.10500,133.18448736
69.11000,133.19326361
69.11500,133.20203840
69.12000,133.21081030
69.12500,133.21957808
69.13000,133.22834110
69.13500,133.23709749
69.14000,133.24584781
69.14500,133.25459041
69.15000,133.26332604
69.15500,133.27205353
69.16000,133.28077499
69.16500,133.28948865
69.17000,133.29819604
69.17500,133.30689623
69.18000,133.31559220
69.18500,133.32428163
69.19000,133.33296583
69.19500,133.34164323
69.20000,133.35031678
69.20500,133.35898543
69.21000,133.36765103
69.21500,133.37631312
69.22000,133.38497437
69.22500,133.39363575
69.23000,133.40229829
69.23500,133.41096220
69.24000,133.41962781
69.24500,133.42829577
69.25000,133.43696573
69.25500,133.44563875
69.26000,133.45431507
69.26500,133.46299534
69.27000,133.47167816
69.27500,133.48036403
69.28000,133.48905233
69.28500,133.49774313
69.29000,133.50643678
69.29500,133.51513222
69.30000,133.52383102
69.30500,133.53253176
69.31000,133.54123559
69.31500,133.54993886
69.32000,133.55864223
69.32500,133.56734435
69.33000,133.57604693
69.33500,133.58474883
69.34000,133.59345061
69.34500,133.60215287
69.35000,133.61085559
69.35500,133.61955802
69.36000,133.62825885
69.36500,133.63695899
69.37000,133.64565933
69.37500,133.65435883
69.38000,133.66305675
69.38500,133.67175225
69.39000,133.68044667
69.39500,133.68913894
69.40000,133.69782989
69.40500,133.70651880
69.41000,133.71520582
69.41500,133.72389047
69.42000,133.73257275
69.42500,133.74125296
69.43000,133.74993138
69.43500,133.75860886
69.44000,133.76728499
69.44500,133.77596088
69.45000,133.78463574
69.45500,133.79331146
69.46000,133.80198664
69.46500,133.81066261
69.47000,133.81933836
69.47500,133.82801538
69.48000,133.83669261
69.48500,133.84537101
69.49000,133.85405075
69.49500,133.86273257
69.50000,133.87141615
69.50500,133.88010152
69.51000,133.88878921
69.51500,133.89747875
69.52000,133.90616876
69.52500,133.91485758
69.53000,133.92354295
69.53500,133.93222432
69.54000,133.94090030
69.54500,133.94957097
69.55000,133.95823531
69.55500,133.96689360
69.56000,133.97554625
69.56500,133.98419273
69.57000,133.99283331
69.57500,134.00146651
69.58000,134.01009329
69.58500,134.01871299
69.59000,134.02732579
69.59500,134.03593089
69.60000,134.04453049
69.60500,134.05312633
69.61000,134.06172029
69.61500,134.07031191
69.62000,134.07890229
69.62500,134.08749279
69.63000,134.09608401
69.63500,134.10467526
69.64000,134.11326650
69.64500,134.12185901
69.65000,134.13045231
69.65500,134.13904629
69.66000,134.14763962
69.66500,134.15623369
69.67000,134.16482714
69.67500,134.17341985
69.68000,134.18201090
69.68500,134.19060207
69.69000,134.19919548
69.69500,134.20779074
69.70000,134.21638726
69.70500,134.22498551
69.71000,134.23358683
69.71500,134.24218984
69.72000,134.25079459
69.72500,134.25940274
69.73000,134.26801643
69.73500,134.27663545
69.74000,134.28525853
69.74500,134.29388655
69.75000,134.30252112
69.75500,134.31116436
69.76000,134.31981496
69.76500,134.32847354
69.77000,134.33713973
69.77500,134.34581415
69.78000,134.35449555
69.78500,134.36318482
69.79000,134.37188343
69.79500,134.38059186
69.80000,134.38930995
69.80500,134.39803667
69.81000,134.40677303
69.81500,134.41551864
69.82000,134.42427359
69.82500,134.43303655
69.83000,134.44180677
69.83500,134.45058425
69.84000,134.45936696
69.84500,134.46815441
69.85000,134.47694426
69.85500,134.48573786
69.86000,134.49453376
69.86500,134.50333239
69.87000,134.51213208
69.87500,134.52093428
69.88000,134.52973856
69.88500,134.53854493
69.89000,134.54735211
69.89500,134.55616148
69.90000,134.56497271
69.90500,134.57378382
69.91000,134.58259300
69.91500,134.59139901
69.92000,134.60020132
69.92500,134.60899613
69.93000,134.61778331
69.93500,134.62656232
69.94000,134.63533546
69.94500,134.64410154
69.95000,134.65286153
69.95500,134.66161661
69.96000,134.67036725
69.96500,134.67911343
69.97000,134.68785444
69.97500,134.69659285
69.98000,134.70532755
69.98500,134.71405936
69.99000,134.72278694
69.99500,134.73151302
70.00000,134.74023692
70.00500,134.74895951
70.01000,134.75767968
70.01500,134.76639950
70.02000,134.77511956
70.02500,134.78384091
70.03000,134.79256365
70.03500,134.80128880
70.04000,134.81001768
70.04500,134.81875191
70.05000,134.82749114
70.05500,134.83623535
70.06000,134.84498532
70.06500,134.85374087
70.07000,134.86250148
70.07500,134.87126589
70.08000,134.88003558
70.08500,134.88881064
70.09000,134.89759089
70.09500,134.90637527
70.10000,134.91516316
70.10500,134.92395583
70.11000,134.93275107
70.11500,134.94154915
70.12000,134.95034856
70.12500,134.95915215
70.13000,134.96795908
70.13500,134.97677018
70.14000,134.98558451
70.14500,134.99440389
70.15000,135.00322857
70.15500,135.01205701
70.16000,135.02088909
70.16500,135.02972477
70.17000,135.03856485
70.17500,135.04740703
70.18000,135.05625192
70.18500,135.06509973
70.19000,135.07395154
70.19500,135.08280705
70.20000,135.09166783
70.20500,135.10053518
70.21000,135.10940913
70.21500,135.11828829
70.22000,135.12717174
70.22500,135.13605827
70.23000,135.14494760
70.23500,135.15383839
70.24000,135.16273066
70.24500,135.17162322
70.25000,135.18051575
70.25500,135.18940619
70.26000,135.19829349
70.26500,135.20717622
70.27000,135.21605443
70.27500,135.22492684
70.28000,135.23379272
70.28500,135.24265232
70.29000,135.25150620
70.29500,135.26035574
70.30000,135.26919979
70.30500,135.27803968
70.31000,135.28687657
70.31500,135.29571291
70.32000,135.30454962
70.32500,135.31338775
70.33000,135.32222912
70.33500,135.33107485
70.34000,135.33992580
70.34500,135.34878068
70.35000,135.35763966
70.35500,135.36650203
70.36000,135.37536762
70.36500,135.38423536
70.37000,135.39310570
70.37500,135.40197936
70.38000,135.41085554
70.38500,135.41973335
70.39000,135.42861192
70.39500,135.43749193
70.40000,135.44637320
70.40500,135.45525560
70.41000,135.46413927
70.41500,135.47302446
70.42000,135.48191107
70.42500,135.49079752
70.43000,135.49968455
70.43500,135.50857275
70.44000,135.51746213
70.44500,135.52635111
70.45000,135.53524019
70.45500,135.54412901
70.46000,135.55301924
70.46500,135.56191044
70.47000,135.57080452
70.47500,135.57970080
70.48000,135.58860067
70.48500,135.59750159
70.49000,135.60640430
70.49500,135.61530835
70.50000,135.62421506
70.50500,135.63312402
70.51000,135.64203626
70.51500,135.65095189
70.52000,135.65987032
70.52500,135.66879160
70.53000,135.67771399
70.53500,135.68663873
70.54000,135.69556410
70.54500,135.70449143
70.55000,135.71341918
70.55500,135.72234996
70.56000,135.73128331
70.56500,135.74022096
70.57000,135.74916292
70.57500,135.75811214
70.58000,135.76706954
70.58500,135.77603500
70.59000,135.78500835
70.59500,135.79398923
70.60000,135.80297704
70.60500,135.81197006
70.61000,135.82096909
70.61500,135.82997500
70.62000,135.83898919
70.62500,135.84801196
70.63000,135.85704352
70.63500,135.86608602
70.64000,135.87513786
70.64500,135.88419817
70.65000,135.89326560
70.65500,135.90234198
70.66000,135.91142680
70.66500,135.92051870
70.67000,135.92961646
70.67500,135.93872291
70.68000,135.94783949
70.68500,135.95696618
70.69000,135.96610414
70.69500,135.97525629
70.70000,135.98442498
70.70500,135.99360993
70.71000,136.00281032
70.71500,136.01202600
70.72000,136.02125664
70.72500,136.03050012
70.73000,136.03975441
70.73500,136.04901754
70.74000,136.05828816
70.74500,136.06756366
70.75000,136.07684142
70.75500,136.08612041
70.76000,136.09540060
70.76500,136.10468073
70.77000,136.11396033
70.77500,136.12323922
70.78000,136.13251797
70.78500,136.14179611
70.79000,136.15107333
70.79500,136.16035066
70.80000,136.16962884
70.80500,136.17890815
70.81000,136.18818786
70.81500,136.19746727
70.82000,136.20674675
70.82500,136.21602721
70.83000,136.22530862
70.83500,136.23459077
70.84000,136.24387405
70.84500,136.25315831
70.85000,136.26244458
70.85500,136.27173413
70.86000,136.28102732
70.86500,136.29032429
70.87000,136.29962578
70.87500,136.30893287
70.88000,136.31824614
70.88500,136.32756522
70.89000,136.33688957
70.89500,136.34621824
70.90000,136.35555121
70.90500,136.36488707
70.91000,136.37422632
70.91500,136.38356738
70.92000,136.39290955
70.92500,136.40225172
70.93000,136.41159405
70.93500,136.42093638
70.94000,136.43027905
70.94500,136.43962173
70.95000,136.44896272
70.95500,136.45830104
70.96000,136.46763545
70.96500,136.47696626
70.97000,136.48629305
70.97500,136.49561744
70.98000,136.50493858
70.98500,136.51425762
70.99000,136.52357401
70.99500,136.53288817
71.00000,136.54219951
71.00500,136.55150836
71.01000,136.56081543
71.01500,136.57012150
71.02000,136.57942722
71.02500,136.58873345
71.03000,136.59803913
71.03500,136.60734534
71.04000,136.61665081
71.04500,136.62595675
71.05000,136.63526145
71.05500,136.64456584
71.06000,136.65386989
71.06500,136.66317380
71.07000,136.67247777
71.07500,136.68178233
71.08000,136.69108705
71.08500,136.70038971
71.09000,136.70969098
71.09500,136.71899010
71.10000,136.72828653
71.10500,136.73757975
71.11000,136.74687080
71.11500,136.75616082
71.12000,136.76545035
71.12500,136.77473936
71.13000,136.78402909
71.13500,136.79331987
71.14000,136.80261184
71.14500,136.81190328
71.15000,136.82119449
71.15500,136.83048577
71.16000,136.83977694
71.16500,136.84906749
71.17000,136.85835732
71.17500,136.86764704
71.18000,136.87693631
71.18500,136.88622443
71.19000,136.89551182
71.19500,136.90479732
71.20000,136.91408128
71.20500,136.92336087
71.21000,136.93263778
71.21500,136.94191083
71.22000,136.95118243
71.22500,136.96045159
71.23000,136.96971980
71.23500,136.97898636
71.24000,136.98825340
71.24500,136.99752064
71.25000,137.00678998
71.25500,137.01606087
71.26000,137.02533565
71.26500,137.03461337
71.27000,137.04389611
71.27500,137.05318214
71.28000,137.06247359
71.28500,137.07177011
71.29000,137.08107262
71.29500,137.09038006
71.30000,137.09969072
71.30500,137.10900473
71.31000,137.11832095
71.31500,137.12764062
71.32000,137.13696150
71.32500,137.14628418
71.33000,137.15560910
71.33500,137.16493695
71.34000,137.17426659
71.34500,137.18359778
71.35000,137.19293022
71.35500,137.20226446
71.36000,137.21160006
71.36500,137.22093775
71.37000,137.23027833
71.37500,137.23962426
71.38000,137.24897413
71.38500,137.25832834
71.39000,137.26768637
71.39500,137.27705009
71.40000,137.28641843
71.40500,137.29579213
71.41000,137.30517201
71.41500,137.31455980
71.42000,137.32395513
71.42500,137.33335792
71.43000,137.34276863
71.43500,137.35218835
71.44000,137.36161654
71.44500,137.37105200
71.45000,137.38049396
71.45500,137.38994227
71.46000,137.39939722
71.46500,137.40885583
71.47000,137.41831846
71.47500,137.42778256
71.48000,137.43724966
71.48500,137.44671595
71.49000,137.45618347
71.49500,137.46564914
71.50000,137.47511529
71.50500,137.48458032
71.51000,137.49404696
71.51500,137.50351309
71.52000,137.51297785
71.52500,137.52244083
71.53000,137.53190223
71.53500,137.54136257
71.54000,137.55082072
71.54500,137.56027965
71.55000,137.56973887
71.55500,137.57920036
71.56000,137.58866297
71.56500,137.59812911
71.57000,137.60759863
71.57500,137.61707098
71.58000,137.62654483
71.58500,137.63601925
71.59000,137.64549418
71.59500,137.65496820
71.60000,137.66444247
71.60500,137.67391528
71.61000,137.68338781
71.61500,137.69285923
71.62000,137.70233029
71.62500,137.71180090
71.63000,137.72127002
71.63500,137.73073713
71.64000,137.74020332
71.64500,137.74967005
71.65000,137.75913663
71.65500,137.76860283
71.66000,137.77806905
71.66500,137.78753620
71.67000,137.79700383
71.67500,137.80647194
71.68000,137.81594131
71.68500,137.82541352
71.69000,137.83488747
71.69500,137.84436177
71.70000,137.85383637
71.70500,137.86331088
71.71000,137.87278420
71.71500,137.88225632
71.72000,137.89172732
71.72500,137.90119692
71.73000,137.91066476
71.73500,137.92012999
71.74000,137.92959327
71.74500,137.93905498
71.75000,137.94851546
71.75500,137.95797531
71.76000,137.96743424
71.76500,137.97689336
71.77000,137.98635160
71.77500,137.99581034
71.78000,138.00526918
71.78500,138.01472834
71.79000,138.02418662
71.79500,138.03364362
71.80000,138.04309892
71.80500,138.05255227
71.81000,138.06200447
71.81500,138.07145575
71.82000,138.08090676
71.82500,138.09035708
71.83000,138.09980690
71.83500,138.10925529
71.84000,138.11870212
71.84500,138.12814697
71.85000,138.13759057
71.85500,138.14703287
71.86000,138.15647500
71.86500,138.16591677
71.87000,138.17535972
71.87500,138.18480396
71.88000,138.19424962
71.88500,138.20369602
71.89000,138.21314460
71.89500,138.22259600
71.90000,138.23205044
71.90500,138.24150746
71.91000,138.25096697
71.91500,138.26042973
71.92000,138.26989694
71.92500,138.27936981
71.93000,138.28885021
71.93500,138.29833952
71.94000,138.30783887
71.94500,138.31734914
71.95000,138.32687178
71.95500,138.33640640
71.96000,138.34595257
71.96500,138.35550924
71.97000,138.36507665
71.97500,138.37465411
71.98000,138.38424007
71.98500,138.39383302
71.99000,138.40343184
71.99500,138.41303643
72.00000,138.42264370
72.00500,138.43225230
72.01000,138.44185986
72.01500,138.45146693
72.02000,138.46107092
72.02500,138.47067157
72.03000,138.48026916
72.03500,138.48986714
72.04000,138.49946662
72.04500,138.50906761
72.05000,138.51867019
72.05500,138.52827462
72.06000,138.53788147
72.06500,138.54749068
72.07000,138.55710283
72.07500,138.56671838
72.08000,138.57633910
72.08500,138.58596396
72.09000,138.59559430
72.09500,138.60522960
72.10000,138.61487243
72.10500,138.62452242
72.11000,138.63418089
72.11500,138.64384778
72.12000,138.65352372
72.12500,138.66320796
72.13000,138.67289848
72.13500,138.68259545
72.14000,138.69229809
72.14500,138.70200722
72.15000,138.71172069
72.15500,138.72143913
72.16000,138.73116243
72.16500,138.74089309
72.17000,138.75063088
72.17500,138.76037757
72.18000,138.77013363
72.18500,138.77990103
72.19000,138.78968015
72.19500,138.79947068
72.20000,138.80927239
72.20500,138.81908525
72.21000,138.82890974
72.21500,138.83874513
72.22000,138.84859046
72.22500,138.85844359
72.23000,138.86830470
72.23500,138.87817268
72.24000,138.88804690
72.24500,138.89792539
72.25000,138.90780933
72.25500,138.91769774
72.26000,138.92759169
72.26500,138.93748824
72.27000,138.94738791
72.27500,138.95728884
72.28000,138.96719018
72.28500,138.97708973
72.29000,138.98698725
72.29500,138.99688387
72.30000,139.00678007
72.30500,139.01667428
72.31000,139.02656611
72.31500,139.03645609
72.32000,139.04634383
72.32500,139.05622824
72.33000,139.06610891
72.33500,139.07598694
72.34000,139.08586160
72.34500,139.09573014
72.35000,139.10559036
72.35500,139.11544215
72.36000,139.12528466
72.36500,139.13511658
72.37000,139.14493781
72.37500,139.15474978
72.38000,139.16455363
72.38500,139.17434778
72.39000,139.18413299
72.39500,139.19390972
72.40000,139.20367957
72.40500,139.21344052
72.41000,139.22319362
72.41500,139.23293872
72.42000,139.24267825
72.42500,139.25241107
72.43000,139.26213869
72.43500,139.27186153
72.44000,139.28158052
72.44500,139.29129499
72.45000,139.30100534
72.45500,139.31071301
72.46000,139.32041729
72.46500,139.33011809
72.47000,139.33981344
72.47500,139.34950528
72.48000,139.35919288
72.48500,139.36887697
72.49000,139.37855671
72.49500,139.38823328
72.50000,139.39790714
72.50500,139.40757828
72.51000,139.41724690
72.51500,139.42691194
72.52000,139.43657445
72.52500,139.44623524
72.53000,139.45589570
72.53500,139.46555639
72.54000,139.47521722
72.54500,139.48487901
72.55000,139.49454220
72.55500,139.50420777
72.56000,139.51387583
72.56500,139.52354666
72.57000,139.53322193
72.57500,139.54290293
72.58000,139.55259063
72.58500,139.56228450
72.59000,139.57198645
72.59500,139.58169524
72.60000,139.59140990
72.60500,139.60112972
72.61000,139.61085496
72.61500,139.62058470
72.62000,139.63031632
72.62500,139.64005135
72.63000,139.64979046
72.63500,139.65953429
72.64000,139.66927845
72.64500,139.67902320
72.65000,139.68876791
72.65500,139.69851494
72.66000,139.70826263
72.66500,139.71801160
72.67000,139.72776254
72.67500,139.73751672
72.68000,139.74727250
72.68500,139.75702992
72.69000,139.76678792
72.69500,139.77654809
72.70000,139.78630912
72.70500,139.79607295
72.71000,139.80583875
72.71500,139.81560663
72.72000,139.82537534
72.72500,139.83514528
72.73000,139.84491745
72.73500,139.85469215
72.74000,139.86447052
72.74500,139.87425416
72.75000,139.88404599
72.75500,139.89384689
72.76000,139.90365811
72.76500,139.91348083
72.77000,139.92331463
72.77500,139.93316014
72.78000,139.94301412
72.78500,139.95287681
72.79000,139.96274632
72.79500,139.97262439
72.80000,139.98250905
72.80500,139.99240108
72.81000,140.00229954
72.81500,140.01220449
72.82000,140.02211379
72.82500,140.03202514
72.83000,140.04193711
72.83500,140.05185001
72.84000,140.06176336
72.84500,140.07167677
72.85000,140.08158863
72.85500,140.09149960
72.86000,140.10140782
72.86500,140.11131176
72.87000,140.12120900
72.87500,140.13110031
72.88000,140.14098495
72.88500,140.15086365
72.89000,140.16073572
72.89500,140.17060337
72.90000,140.18046782
72.90500,140.19033140
72.91000,140.20019472
72.91500,140.21005994
72.92000,140.21992920
72.92500,140.22980288
72.93000,140.23968168
72.93500,140.24956535
72.94000,140.25945630
72.94500,140.26935297
72.95000,140.27925549
72.95500,140.28916138
72.96000,140.29907217
72.96500,140.30898448
72.97000,140.31889746
72.97500,140.32880746
72.98000,140.33871585
72.98500,140.34862152
72.99000,140.35852458
72.99500,140.36842355
73.00000,140.37831964
73.00500,140.38821179
73.01000,140.39809891
73.01500,140.40798065
73.02000,140.41785841
73.02500,140.42773155
73.03000,140.43759819
73.03500,140.44745686
73.04000,140.45730642
73.04500,140.46714683
73.05000,140.47697662
73.05500,140.48679552
73.06000,140.49660387
73.06500,140.50640388
73.07000,140.51619682
73.07500,140.52598278
73.08000,140.53576385
73.08500,140.54554048
73.09000,140.55531565
73.09500,140.56508948
73.10000,140.57486650
73.10500,140.58464630
73.11000,140.59443028
73.11500,140.60421667
73.12000,140.61400605
73.12500,140.62379869
73.13000,140.63359543
73.13500,140.64339907
73.14000,140.65320961
73.14500,140.66302926
73.15000,140.67285639
73.15500,140.68269172
73.16000,140.69253438
73.16500,140.70238384
73.17000,140.71223866
73.17500,140.72209665
73.18000,140.73195724
73.18500,140.74181871
73.19000,140.75167987
73.19500,140.76153892
73.20000,140.77139604
73.20500,140.78125161
73.21000,140.79110777
73.21500,140.80096585
73.22000,140.81082668
73.22500,140.82069147
73.23000,140.83055989
73.23500,140.84043352
73.24000,140.85031072
73.24500,140.86019360
73.25000,140.87008183
73.25500,140.87997672
73.26000,140.88987691
73.26500,140.89978188
73.27000,140.90968995
73.27500,140.91959876
73.28000,140.92950830
73.28500,140.93941726
73.29000,140.94932610
73.29500,140.95923410
73.30000,140.96914123
73.30500,140.97904777
73.31000,140.98895307
73.31500,140.99885903
73.32000,141.00876380
73.32500,141.01866844
73.33000,141.02857302
73.33500,141.03848151
73.34000,141.04839322
73.34500,141.05830916
73.35000,141.06822963
73.35500,141.07815674
73.36000,141.08808937
73.36500,141.09802595
73.37000,141.10796605
73.37500,141.11790882
73.38000,141.12785560
73.38500,141.13780356
73.39000,141.14775225
73.39500,141.15770125
73.40000,141.16765175
73.40500,141.17760236
73.41000,141.18755149
73.41500,141.19749980
73.42000,141.20744751
73.42500,141.21739585
73.43000,141.22734419
73.43500,141.23729450
73.44000,141.24724797
73.44500,141.25720452
73.45000,141.26716345
73.45500,141.27712207
73.46000,141.28708147
73.46500,141.29704058
73.47000,141.30700019
73.47500,141.31695751
73.48000,141.32691491
73.48500,141.33687086
73.49000,141.34682622
73.49500,141.35677901
73.50000,141.36673077
73.50500,141.37668256
73.51000,141.38663569
73.51500,141.39658999
73.52000,141.40654518
73.52500,141.41650283
73.53000,141.42646358
73.53500,141.43642877
73.54000,141.44639889
73.54500,141.45637664
73.55000,141.46636016
73.55500,141.47634989
73.56000,141.48634316
73.56500,141.49634119
73.57000,141.50634192
73.57500,141.51634629
73.58000,141.52635199
73.58500,141.53636123
73.59000,141.54637274
73.59500,141.55638633
73.60000,141.56640072
73.60500,141.57641584
73.61000,141.58643254
73.61500,141.59644909
73.62000,141.60646528
73.62500,141.61647986
73.63000,141.62649364
73.63500,141.63650592
73.64000,141.64651653
73.64500,141.65652725
73.65000,141.66653867
73.65500,141.67655166
73.66000,141.68656527
73.66500,141.69658170
73.67000,141.70660203
73.67500,141.71662642
73.68000,141.72665501
73.68500,141.73668861
73.69000,141.74673051
73.69500,141.75678024
73.70000,141.76684038
73.70500,141.77691021
73.71000,141.78699285
73.71500,141.79708513
73.72000,141.80718719
73.72500,141.81729735
73.73000,141.82741801
73.73500,141.83754816
73.74000,141.84768688
73.74500,141.85783217
73.75000,141.86798543
73.75500,141.87814726
73.76000,141.88831637
73.76500,141.89849040
73.77000,141.90866923
73.77500,141.91885287
73.78000,141.92904194
73.78500,141.93923611
73.79000,141.94943544
73.79500,141.95964079
73.80000,141.96985188
73.80500,141.98006770
73.81000,141.99028703
73.81500,142.00050965
73.82000,142.01073465
73.82500,142.02095893
73.83000,142.03118337
73.83500,142.04140727
73.84000,142.05163133
73.84500,142.06185335
73.85000,142.07207482
73.85500,142.08229548
73.86000,142.09251604
73.86500,142.10273640
73.87000,142.11295569
73.87500,142.12317415
73.88000,142.13338944
73.88500,142.14360218
73.89000,142.15380988
73.89500,142.16401398
73.90000,142.17421187
73.90500,142.18440492
73.91000,142.19459126
73.91500,142.20477167
73.92000,142.21494594
73.92500,142.22511440
73.93000,142.23527700
73.93500,142.24543396
73.94000,142.25558679
73.94500,142.26573536
73.95000,142.27588124
73.95500,142.28602254
73.96000,142.29616019
73.96500,142.30629245
73.97000,142.31642094
73.97500,142.32654609
73.98000,142.33666873
73.98500,142.34678876
73.99000,142.35690856
73.99500,142.36702795
74.00000,142.37714793
74.00500,142.38726731
74.01000,142.39738875
74.01500,142.40751163
74.02000,142.41763740
74.02500,142.42776490
74.03000,142.43789550
74.03500,142.44802880
74.04000,142.45816458
74.04500,142.46830139
74.05000,142.47843874
74.05500,142.48857761
74.06000,142.49871718
74.06500,142.50885596
74.07000,142.51899381
74.07500,142.52913137
74.08000,142.53926815
74.08500,142.54940266
74.09000,142.55953588
74.09500,142.56966953
74.10000,142.57980304
74.10500,142.58993459
74.11000,142.60006439
74.11500,142.61019323
74.12000,142.62032184
74.12500,142.63044906
74.13000,142.64057462
74.13500,142.65069827
74.14000,142.66082215
74.14500,142.67094298
74.15000,142.68106259
74.15500,142.69117947
74.16000,142.70129656
74.16500,142.71141036
74.17000,142.72152321
74.17500,142.73163392
74.18000,142.74174468
74.18500,142.75185465
74.19000,142.76196450
74.19500,142.77207458
74.20000,142.78218358
74.20500,142.79229069
74.21000,142.80239411
74.21500,142.81249553
74.22000,142.82259335
74.22500,142.83268789
74.23000,142.84277787
74.23500,142.85286453
74.24000,142.86294854
74.24500,142.87303030
74.25000,142.88311064
74.25500,142.89318933
74.26000,142.90326810
74.26500,142.91334574
74.27000,142.92342047
74.27500,142.93349002
74.28000,142.94355425
74.28500,142.95361348
74.29000,142.96366563
74.29500,142.97370984
74.30000,142.98374599
74.30500,142.99377497
74.31000,143.00379550
74.31500,143.01380731
74.32000,143.02381163
74.32500,143.03380888
74.33000,143.04379904
74.33500,143.05378070
74.34000,143.06375543
74.34500,143.07372434
74.35000,143.08368800
74.35500,143.09364617
74.36000,143.10360031
74.36500,143.11355174
74.37000,143.12350116
74.37500,143.13344817
74.38000,143.14339231
74.38500,143.15333417
74.39000,143.16327541
74.39500,143.17321704
74.40000,143.18315892
74.40500,143.19310223
74.41000,143.20304854
74.41500,143.21299748
74.42000,143.22294823
74.42500,143.23289957
74.43000,143.24285187
74.43500,143.25280319
74.44000,143.26275177
74.44500,143.27269663
74.45000,143.28263823
74.45500,143.29257568
74.46000,143.30250608
74.46500,143.31242761
74.47000,143.32233926
74.47500,143.33224128
74.48000,143.34213260
74.48500,143.35201609
74.49000,143.36189340
74.49500,143.37176764
74.50000,143.38163692
74.50500,143.39150218
74.51000,143.40136277
74.51500,143.41121993
74.52000,143.42107338
74.52500,143.43092368
74.53000,143.44077110
74.53500,143.45061621
74.54000,143.46045942
74.54500,143.47030210
74.55000,143.48014346
74.55500,143.48998382
74.56000,143.49982138
74.56500,143.50965658
74.57000,143.51948810
74.57500,143.52931745
74.58000,143.53914470
74.58500,143.54897091
74.59000,143.55879485
74.59500,143.56861736
74.60000,143.57843865
74.60500,143.58825987
74.61000,143.59808288
74.61500,143.60790905
74.62000,143.61774095
74.62500,143.62757637
74.63000,143.63741642
74.63500,143.64725903
74.64000,143.65710716
74.64500,143.66695814
74.65000,143.67681365
74.65500,143.68667007
74.66000,143.69652783
74.66500,143.70638434
74.67000,143.71623975
74.67500,143.72609297
74.68000,143.73594426
74.68500,143.74579352
74.69000,143.75564231
74.69500,143.76549178
74.70000,143.77534425
74.70500,143.78520209
74.71000,143.79506723
74.71500,143.80494172
74.72000,143.81482684
74.72500,143.82472189
74.73000,143.83462737
74.73500,143.84454419
74.74000,143.85447345
74.74500,143.86441566
74.75000,143.87437103
74.75500,143.88434067
74.76000,143.89432432
74.76500,143.90432020
74.77000,143.91432600
74.77500,143.92434061
74.78000,143.93436240
74.78500,143.94438983
74.79000,143.95442025
74.79500,143.96445380
74.80000,143.97448886
74.80500,143.98452454
74.81000,143.99455948
74.81500,144.00459450
74.82000,144.01462845
74.82500,144.02466174
74.83000,144.03469286
74.83500,144.04472408
74.84000,144.05475437
74.84500,144.06478466
74.85000,144.07481330
74.85500,144.08484206
74.86000,144.09487054
74.86500,144.10489921
74.87000,144.11492697
74.87500,144.12495482
74.88000,144.13498211
74.88500,144.14500929
74.89000,144.15503330
74.89500,144.16505422
74.90000,144.17507146
74.90500,144.18508664
74.91000,144.19509744
74.91500,144.20510474
74.92000,144.21510875
74.92500,144.22511071
74.93000,144.23511111
74.93500,144.24510935
74.94000,144.25510712
74.94500,144.26510472
74.95000,144.27510369
74.95500,144.28510108
74.96000,144.29509806
74.96500,144.30509398
74.97000,144.31508938
74.97500,144.32508096
74.98000,144.33506877
74.98500,144.34505229
74.99000,144.35503241
74.99500,144.36500766
75.00000,144.37498015
75.00500,144.38495174
75.01000,144.39492418
75.01500,144.40489548
75.02000,144.41486641
75.02500,144.42483671
75.03000,144.43480689
75.03500,144.44477212
75.04000,144.45473147
75.04500,144.46468583
75.05000,144.47463752
75.05500,144.48458442
75.06000,144.49452639
75.06500,144.50446514
75.07000,144.51440195
75.07500,144.52433492
75.08000,144.53426485
75.08500,144.54419354
75.09000,144.55412406
75.09500,144.56405440
75.10000,144.57398590
75.10500,144.58391834
75.11000,144.59385438
75.11500,144.60379223
75.12000,144.61373282
75.12500,144.62367684
75.13000,144.63362579
75.13500,144.64357994
75.14000,144.65353910
75.14500,144.66350503
75.15000,144.67347595
75.15500,144.68345201
75.16000,144.69343151
75.16500,144.70341681
75.17000,144.71340596
75.17500,144.72339975
75.18000,144.73339755
75.18500,144.74339816
75.19000,144.75340107
75.19500,144.76340386
75.20000,144.77340761
75.20500,144.78341067
75.21000,144.79341447
75.21500,144.80341560
75.22000,144.81341499
75.22500,144.82341117
75.23000,144.83340293
75.23500,144.84338789
75.24000,144.85336570
75.24500,144.86333754
75.25000,144.87330264
75.25500,144.88326188
75.26000,144.89321497
75.26500,144.90316154
75.27000,144.91310043
75.27500,144.92303226
75.28000,144.93295805
75.28500,144.94287796
75.29000,144.95279275
75.29500,144.96270372
75.30000,144.97261145
75.30500,144.98251647
75.31000,144.99241825
75.31500,145.00231805
75.32000,145.01221531
75.32500,145.02211135
75.33000,145.03200654
75.33500,145.04190358
75.34000,145.05180343
75.34500,145.06170747
75.35000,145.07161503
75.35500,145.08152681
75.36000,145.09144190
75.36500,145.10136063
75.37000,145.11128142
75.37500,145.12120307
75.38000,145.13112399
75.38500,145.14104490
75.39000,145.15096513
75.39500,145.16088488
75.40000,145.17080184
75.40500,145.18071718
75.41000,145.19062718
75.41500,145.20053321
75.42000,145.21043423
75.42500,145.22033262
75.43000,145.23022528
75.43500,145.24011275
75.44000,145.24999462
75.44500,145.25987353
75.45000,145.26974859
75.45500,145.27962115
75.46000,145.28949274
75.46500,145.29936545
75.47000,145.30923985
75.47500,145.31911546
75.48000,145.32899029
75.48500,145.33886336
75.49000,145.34873251
75.49500,145.35859525
75.50000,145.36845045
75.50500,145.37829820
75.51000,145.38814031
75.51500,145.39797636
75.52000,145.40780851
75.52500,145.41763750
75.53000,145.42746576
75.53500,145.43729274
75.54000,145.44711913
75.54500,145.45694463
75.55000,145.46677095
75.55500,145.47659771
75.56000,145.48642429
75.56500,145.49625026
75.57000,145.50607698
75.57500,145.51590482
75.58000,145.52573247
75.58500,145.53556020
75.59000,145.54538741
75.59500,145.55521274
75.60000,145.56503271
75.60500,145.57484760
75.61000,145.58465794
75.61500,145.59446361
75.62000,145.60426343
75.62500,145.61405914
75.63000,145.62385382
75.63500,145.63364731
75.64000,145.64343722
75.64500,145.65322373
75.65000,145.66300744
75.65500,145.67278900
75.66000,145.68256550
75.66500,145.69233903
75.67000,145.70211058
75.67500,145.71188233
75.68000,145.72165031
75.68500,145.73141633
75.69000,145.74118052
75.69500,145.75094358
75.70000,145.76070453
75.70500,145.77046306
75.71000,145.78022271
75.71500,145.78998326
75.72000,145.79974537
75.72500,145.80950783
75.73000,145.81927307
75.73500,145.82904145
75.74000,145.83881177
75.74500,145.84858395
75.75000,145.85835773
75.75500,145.86813452
75.76000,145.87791109
75.76500,145.88769008
75.77000,145.89747200
75.77500,145.90726167
75.78000,145.91705716
75.78500,145.92686071
75.79000,145.93667118
75.79500,145.94648943
75.80000,145.95631280
75.80500,145.96614207
75.81000,145.97597580
75.81500,145.98581515
75.82000,145.99565837
75.82500,146.00550772
75.83000,146.01536120
75.83500,146.02521867
75.84000,146.03507827
75.84500,146.04494202
75.85000,146.05480938
75.85500,146.06467962
75.86000,146.07455138
75.86500,146.08442629
75.87000,146.09430402
75.87500,146.10418426
75.88000,146.11406541
75.88500,146.12394912
75.89000,146.13383504
75.89500,146.14372269
75.90000,146.15361062
75.90500,146.16350049
75.91000,146.17339221
75.91500,146.18328371
75.92000,146.19317354
75.92500,146.20306130
75.93000,146.21294723
75.93500,146.22282920
75.94000,146.23270678
75.94500,146.24257982
75.95000,146.25244846
75.95500,146.26231197
75.96000,146.27217021
75.96500,146.28202665
75.97000,146.29188168
75.97500,146.30173719
75.98000,146.31159321
75.98500,146.32145289
75.99000,146.33131592
75.99500,146.34118192
76.00000,146.35104891
76.00500,146.36091712
76.01000,146.37078596
76.01500,146.38065405
76.02000,146.39052212
76.02500,146.40039037
76.03000,146.41025967
76.03500,146.42012982
76.04000,146.43000118
76.04500,146.43987329
76.05000,146.44974691
76.05500,146.45961999
76.06000,146.46949285
76.06500,146.47936518
76.07000,146.48923796
76.07500,146.49910902
76.08000,146.50898015
76.08500,146.51885040
76.09000,146.52872104
76.09500,146.53858984
76.10000,146.54845843
76.10500,146.55832650
76.11000,146.56819476
76.11500,146.57806138
76.12000,146.58792645
76.12500,146.59779160
76.13000,146.60765639
76.13500,146.61751974
76.14000,146.62738090
76.14500,146.63724114
76.15000,146.64709915
76.15500,146.65695368
76.16000,146.66680319
76.16500,146.67664736
76.17000,146.68648617
76.17500,146.69631830
76.18000,146.70614486
76.18500,146.71596724
76.19000,146.72578733
76.19500,146.73560245
76.20000,146.74541412
76.20500,146.75522293
76.21000,146.76503104
76.21500,146.77483533
76.22000,146.78463728
76.22500,146.79443713
76.23000,146.80423659
76.23500,146.81403144
76.24000,146.82382203
76.24500,146.83360849
76.25000,146.84339160
76.25500,146.85316753
76.26000,146.86293567
76.26500,146.87269584
76.27000,146.88244987
76.27500,146.89219608
76.28000,146.90193433
76.28500,146.91166592
76.29000,146.92139097
76.29500,146.93110928
76.30000,146.94081946
76.30500,146.95052437
76.31000,146.96022320
76.31500,146.96991637
76.32000,146.97960322
76.32500,146.98928600
76.33000,146.99896433
76.33500,147.00863946
76.34000,147.01831135
76.34500,147.02798245
76.35000,147.03765518
76.35500,147.04732922
76.36000,147.05700450
76.36500,147.06668073
76.37000,147.07636018
76.37500,147.08604275
76.38000,147.09572701
76.38500,147.10541255
76.39000,147.11509848
76.39500,147.12478307
76.40000,147.13446366
76.40500,147.14413950
76.41000,147.15381063
76.41500,147.16347506
76.42000,147.17313310
76.42500,147.18278422
76.43000,147.19242977
76.43500,147.20206753
76.44000,147.21169993
76.44500,147.22132680
76.45000,147.23095137
76.45500,147.24057368
76.46000,147.25019241
76.46500,147.25980758
76.47000,147.26941753
76.47500,147.27902228
76.48000,147.28861959
76.48500,147.29821204
76.49000,147.30779978
76.49500,147.31738539
76.50000,147.32696924
76.50500,147.33655301
76.51000,147.34613657
76.51500,147.35572015
76.52000,147.36530272
76.52500,147.37488414
76.53000,147.38446550
76.53500,147.39404844
76.54000,147.40363343
76.54500,147.41321845
76.55000,147.42280466
76.55500,147.43239209
76.56000,147.44198218
76.56500,147.45157479
76.57000,147.46117042
76.57500,147.47076932
76.58000,147.48037230
76.58500,147.48997904
76.59000,147.49958914
76.59500,147.50920286
76.60000,147.51882243
76.60500,147.52844747
76.61000,147.53807850
76.61500,147.54771486
76.62000,147.55735750
76.62500,147.56700576
76.63000,147.57666040
76.63500,147.58632220
76.64000,147.59599220
76.64500,147.60567213
76.65000,147.61536174
76.65500,147.62506308
76.66000,147.63477605
76.66500,147.64450112
76.67000,147.65423597
76.67500,147.66398083
76.68000,147.67373441
76.68500,147.68349673
76.69000,147.69326769
76.69500,147.70304496
76.70000,147.71283092
76.70500,147.72262711
76.71000,147.73243482
76.71500,147.74225058
76.72000,147.75207659
76.72500,147.76191054
76.73000,147.77175296
76.73500,147.78159805
76.74000,147.79144982
76.74500,147.80130749
76.75000,147.81117398
76.75500,147.82104600
76.76000,147.83092425
76.76500,147.84080932
76.77000,147.85070247
76.77500,147.86060116
76.78000,147.87050355
76.78500,147.88041148
76.79000,147.89032445
76.79500,147.90024093
76.80000,147.91015881
76.80500,147.92007828
76.81000,147.92999887
76.81500,147.93991899
76.82000,147.94983841
76.82500,147.95975625
76.83000,147.96967426
76.83500,147.97958934
76.84000,147.98950389
76.84500,147.99941686
76.85000,148.00933262
76.85500,148.01924917
76.86000,148.02916810
76.86500,148.03908810
76.87000,148.04901236
76.87500,148.05893836
76.88000,148.06886637
76.88500,148.07879535
76.89000,148.08872642
76.89500,148.09865796
76.90000,148.10858946
76.90500,148.11852072
76.91000,148.12845160
76.91500,148.13838244
76.92000,148.14831098
76.92500,148.15823768
76.93000,148.16816030
76.93500,148.17807892
76.94000,148.18798947
76.94500,148.19789244
76.95000,148.20778664
76.95500,148.21767415
76.96000,148.22755311
76.96500,148.23742299
76.97000,148.24728333
76.97500,148.25713440
76.98000,148.26697505
76.98500,148.27680415
76.99000,148.28662243
76.99500,148.29643093
77.00000,148.30622912
77.00500,148.31601623
77.01000,148.32579292
77.01500,148.33556161
77.02000,148.34532097
77.02500,148.35507119
77.03000,148.36481331
77.03500,148.37455113
77.04000,148.38428570
77.04500,148.39401779
77.05000,148.40374785
77.05500,148.41347829
77.06000,148.42321060
77.06500,148.43294414
77.07000,148.44267934
77.07500,148.45241683
77.08000,148.46215810
77.08500,148.47190086
77.09000,148.48164505
77.09500,148.49138959
77.10000,148.50113618
77.10500,148.51088365
77.11000,148.52063041
77.11500,148.53037540
77.12000,148.54011727
77.12500,148.54985523
77.13000,148.55958795
77.13500,148.56931386
77.14000,148.57903317
77.14500,148.58874457
77.15000,148.59844714
77.15500,148.60814220
77.16000,148.61783039
77.16500,148.62751351
77.17000,148.63719173
77.17500,148.64686648
77.18000,148.65653978
77.18500,148.66621289
77.19000,148.67588714
77.19500,148.68556096
77.20000,148.69523565
77.20500,148.70490768
77.21000,148.71457715
77.21500,148.72424188
77.22000,148.73390308
77.22500,148.74356037
77.23000,148.75321580
77.23500,148.76286771
77.24000,148.77251333
77.24500,148.78215273
77.25000,148.79178521
77.25500,148.80141154
77.26000,148.81103051
77.26500,148.82064423
77.27000,148.83025236
77.27500,148.83985541
77.28000,148.84945008
77.28500,148.85903636
77.29000,148.86861304
77.29500,148.87817948
77.30000,148.88773484
77.30500,148.89728078
77.31000,148.90681909
77.31500,148.91634824
77.32000,148.92586728
77.32500,148.93537589
77.33000,148.94487462
77.33500,148.95436137
77.34000,148.96383710
77.34500,148.97330297
77.35000,148.98275984
77.35500,148.99220722
77.36000,149.00164481
77.36500,149.01107602
77.37000,149.02050151
77.37500,149.02992163
77.38000,149.03933296
77.38500,149.04873933
77.39000,149.05814007
77.39500,149.06753788
77.40000,149.07692977
77.40500,149.08631825
77.41000,149.09570395
77.41500,149.10508646
77.42000,149.11446638
77.42500,149.12384353
77.43000,149.13322094
77.43500,149.14259597
77.44000,149.15196870
77.44500,149.16133795
77.45000,149.17070442
77.45500,149.18006702
77.46000,149.18942465
77.46500,149.19877731
77.47000,149.20812428
77.47500,149.21746610
77.48000,149.22680166
77.48500,149.23613152
77.49000,149.24545570
77.49500,149.25477654
77.50000,149.26409382
77.50500,149.27340723
77.51000,149.28271569
77.51500,149.29201772
77.52000,149.30131358
77.52500,149.31060006
77.53000,149.31987761
77.53500,149.32914485
77.54000,149.33840569
77.54500,149.34765877
77.55000,149.35690714
77.55500,149.36615218
77.56000,149.37539821
77.56500,149.38464508
77.57000,149.39389323
77.57500,149.40314426
77.58000,149.41240049
77.58500,149.42166250
77.59000,149.43092932
77.59500,149.44020238
77.60000,149.44948406
77.60500,149.45877534
77.61000,149.46807551
77.61500,149.47738436
77.62000,149.48670296
77.62500,149.49602996
77.63000,149.50536144
77.63500,149.51469492
77.64000,149.52403214
77.64500,149.53337393
77.65000,149.54271984
77.65500,149.55206830
77.66000,149.56141941
77.66500,149.57077203
77.67000,149.58012585
77.67500,149.58948005
77.68000,149.59883448
77.68500,149.60819028
77.69000,149.61754800
77.69500,149.62690843
77.70000,149.63627065
77.70500,149.64563357
77.71000,149.65499613
77.71500,149.66435787
77.72000,149.67372063
77.72500,149.68308506
77.73000,149.69245192
77.73500,149.70181968
77.74000,149.71119190
77.74500,149.72056658
77.75000,149.72994525
77.75500,149.73932506
77.76000,149.74870808
77.76500,149.75809214
77.77000,149.76747801
77.77500,149.77686315
77.78000,149.78624897
77.78500,149.79563350
77.79000,149.80501827
77.79500,149.81440214
77.80000,149.82378868
77.80500,149.83317596
77.81000,149.84256505
77.81500,149.85195476
77.82000,149.86134792
77.82500,149.87074172
77.83000,149.88013503
77.83500,149.88952695
77.84000,149.89891823
77.84500,149.90830780
77.85000,149.91769160
77.85500,149.92707292
77.86000,149.93645081
77.86500,149.94582897
77.87000,149.95520364
77.87500,149.96457901
77.88000,149.97395321
77.88500,149.98332823
77.89000,149.99269969
77.89500,150.00206965
77.90000,150.01143675
77.90500,150.02080263
77.91000,150.03016514
77.91500,150.03952690
77.92000,150.04888724
77.92500,150.05824841
77.93000,150.06760917
77.93500,150.07696963
77.94000,150.08632978
77.94500,150.09568967
77.95000,150.10504735
77.95500,150.11440206
77.96000,150.12375515
77.96500,150.13310572
77.97000,150.14245404
77.97500,150.15180118
77.98000,150.16115108
77.98500,150.17050604
77.99000,150.17986650
77.99500,150.18923383
78.00000,150.19860869
78.00500,150.20798995
78.01000,150.21737425
78.01500,150.22675942
78.02000,150.23614531
78.02500,150.24553105
78.03000,150.25491432
78.03500,150.26429447
78.04000,150.27367207
78.04500,150.28304702
78.05000,150.29241599
78.05500,150.30178010
78.06000,150.31114172
78.06500,150.32050244
78.07000,150.32986248
78.07500,150.33922280
78.08000,150.34858631
78.08500,150.35795227
78.09000,150.36732103
78.09500,150.37669178
78.10000,150.38606715
78.10500,150.39544887
78.11000,150.40483584
78.11500,150.41422720
78.12000,150.42362163
78.12500,150.43302026
78.13000,150.44241937
78.13500,150.45182009
78.14000,150.46122184
78.14500,150.47062737
78.15000,150.48003409
78.15500,150.48944195
78.16000,150.49884819
78.16500,150.50825479
78.17000,150.51765780
78.17500,150.52705604
78.18000,150.53644718
78.18500,150.54583133
78.19000,150.55520670
78.19500,150.56457246
78.20000,150.57392850
78.20500,150.58327676
78.21000,150.59261695
78.21500,150.60194974
78.22000,150.61127456
78.22500,150.62059243
78.23000,150.62990087
78.23500,150.63919998
78.24000,150.64848932
78.24500,150.65777085
78.25000,150.66704060
78.25500,150.67629929
78.26000,150.68554732
78.26500,150.69478974
78.27000,150.70402459
78.27500,150.71325213
78.28000,150.72247305
78.28500,150.73169014
78.29000,150.74090021
78.29500,150.75010129
78.30000,150.75929293
78.30500,150.76847623
78.31000,150.77764893
78.31500,150.78681049
78.32000,150.79596098
78.32500,150.80510253
78.33000,150.81423370
78.33500,150.82335322
78.34000,150.83246173
78.34500,150.84156046
78.35000,150.85064967
78.35500,150.85972814
78.36000,150.86879737
78.36500,150.87785934
78.37000,150.88691461
78.37500,150.89596203
78.38000,150.90500256
78.38500,150.91403696
78.39000,150.92306631
78.39500,150.93208898
78.40000,150.94110541
78.40500,150.95011431
78.41000,150.95911459
78.41500,150.96810545
78.42000,150.97708755
78.42500,150.98606173
78.43000,150.99502762
78.43500,151.00398556
78.44000,151.01293641
78.44500,151.02188246
78.45000,151.03082514
78.45500,151.03976405
78.46000,151.04870011
78.46500,151.05763278
78.47000,151.06656141
78.47500,151.07548373
78.48000,151.08440009
78.48500,151.09331244
78.49000,151.10222206
78.49500,151.11113085
78.50000,151.12003936
78.50500,151.12894994
78.51000,151.13786314
78.51500,151.14677845
78.52000,151.15569372
78.52500,151.16460886
78.53000,151.17352259
78.53500,151.18243323
78.54000,151.19133965
78.54500,151.20024296
78.55000,151.20914193
78.55500,151.21803618
78.56000,151.22692445
78.56500,151.23580941
78.57000,151.24469024
78.57500,151.25356744
78.58000,151.26244006
78.58500,151.27130985
78.59000,151.28017875
78.59500,151.28904873
78.60000,151.29791935
78.60500,151.30679126
78.61000,151.31566502
78.61500,151.32453971
78.62000,151.33341498
78.62500,151.34228999
78.63000,151.35116575
78.63500,151.36004346
78.64000,151.36892354
78.64500,151.37780659
78.65000,151.38669352
78.65500,151.39558545
78.66000,151.40447981
78.66500,151.41337786
78.67000,151.42227851
78.67500,151.43118451
78.68000,151.44009027
78.68500,151.44899633
78.69000,151.45790002
78.69500,151.46680340
78.70000,151.47570392
78.70500,151.48460049
78.71000,151.49349270
78.71500,151.50237968
78.72000,151.51126110
78.72500,151.52013410
78.73000,151.52900105
78.73500,151.53785970
78.74000,151.54670917
78.74500,151.55554716
78.75000,151.56437629
78.75500,151.57319724
78.76000,151.58200977
78.76500,151.59081290
78.77000,151.59960914
78.77500,151.60840010
78.78000,151.61718721
78.78500,151.62597085
78.79000,151.63475276
78.79500,151.64353538
78.80000,151.65232009
78.80500,151.66110752
78.81000,151.66989620
78.81500,151.67868620
78.82000,151.68747641
78.82500,151.69626762
78.83000,151.70506134
78.83500,151.71385662
78.84000,151.72265239
78.84500,151.73144721
78.85000,151.74024443
78.85500,151.74904049
78.86000,151.75783533
78.86500,151.76662680
78.87000,151.77541849
78.87500,151.78420717
78.88000,151.79299392
78.88500,151.80177797
78.89000,151.81056327
78.89500,151.81934747
78.90000,151.82813119
78.90500,151.83691252
78.91000,151.84569420
78.91500,151.85447541
78.92000,151.86325648
78.92500,151.87203716
78.93000,151.88082032
78.93500,151.88960457
78.94000,151.89838923
78.94500,151.90717487
78.95000,151.91596346
78.95500,151.92475434
78.96000,151.93354538
78.96500,151.94233771
78.97000,151.95113241
78.97500,151.95993076
78.98000,151.96873050
78.98500,151.97753348
78.99000,151.98634027
78.99500,151.99515145
79.00000,152.00396326
79.00500,152.01277838
79.01000,152.02159635
79.01500,152.03042143
79.02000,152.03925073
79.02500,152.04808682
79.03000,152.05692790
79.03500,152.06577675
79.04000,152.07463051
79.04500,152.08349093
79.05000,152.09235721
79.05500,152.10122983
79.06000,152.11010821
79.06500,152.11899264
79.07000,152.12788392
79.07500,152.13678050
79.08000,152.14568248
79.08500,152.15458930
79.09000,152.16349956
79.09500,152.17241093
79.10000,152.18132214
79.10500,152.19023426
79.11000,152.19914712
79.11500,152.20806272
79.12000,152.21698013
79.12500,152.22590201
79.13000,152.23482781
79.13500,152.24375883
79.14000,152.25269584
79.14500,152.26163778
79.15000,152.27058683
79.15500,152.27954435
79.16000,152.28851454
79.16500,152.29749498
79.17000,152.30648812
79.17500,152.31549008
79.18000,152.32450244
79.18500,152.33352184
79.19000,152.34254825
79.19500,152.35158179
79.20000,152.36062295
79.20500,152.36967207
79.21000,152.37872651
79.21500,152.38778820
79.22000,152.39685631
79.22500,152.40593428
79.23000,152.41501901
79.23500,152.42411323
79.24000,152.43321501
79.24500,152.44232425
79.25000,152.45143626
79.25500,152.46054942
79.26000,152.46966179
79.26500,152.47877506
79.27000,152.48788770
79.27500,152.49699711
79.28000,152.50610419
79.28500,152.51521011
79.29000,152.52431384
79.29500,152.53341505
79.30000,152.54251571
79.30500,152.55161936
79.31000,152.56072585
79.31500,152.56983508
79.32000,152.57894913
79.32500,152.58806986
79.33000,152.59719763
79.33500,152.60632752
79.34000,152.61546268
79.34500,152.62460361
79.35000,152.63375189
79.35500,152.64290181
79.36000,152.65205532
79.36500,152.66121120
79.37000,152.67036960
79.37500,152.67952520
79.38000,152.68867967
79.38500,152.69783476
79.39000,152.70699128
79.39500,152.71614732
79.40000,152.72530376
79.40500,152.73446249
79.41000,152.74362273
79.41500,152.75278210
79.42000,152.76193865
79.42500,152.77109280
79.43000,152.78024595
79.43500,152.78939666
79.44000,152.79854690
79.44500,152.80769607
79.45000,152.81684677
79.45500,152.82599512
79.46000,152.83514386
79.46500,152.84429164
79.47000,152.85344264
79.47500,152.86259449
79.48000,152.87174938
79.48500,152.88090747
79.49000,152.89007128
79.49500,152.89923922
79.50000,152.90841141
79.50500,152.91758860
79.51000,152.92677184
79.51500,152.93596117
79.52000,152.94515564
79.52500,152.95435610
79.53000,152.96356236
79.53500,152.97277577
79.54000,152.98199422
79.54500,152.99122141
79.55000,153.00045589
79.55500,153.00970027
79.56000,153.01895118
79.56500,153.02821251
79.57000,153.03748213
79.57500,153.04676166
79.58000,153.05604850
79.58500,153.06534254
79.59000,153.07464354
79.59500,153.08394940
79.60000,153.09326111
79.60500,153.10257728
79.61000,153.11190173
79.61500,153.12123196
79.62000,153.13057140
79.62500,153.13992067
79.63000,153.14928292
79.63500,153.15865408
79.64000,153.16803325
79.64500,153.17741829
79.65000,153.18680868
79.65500,153.19620212
79.66000,153.20559628
79.66500,153.21499227
79.67000,153.22438951
79.67500,153.23378842
79.68000,153.24318858
79.68500,153.25259237
79.69000,153.26199911
79.69500,153.27140803
79.70000,153.28081956
79.70500,153.29023502
79.71000,153.29965383
79.71500,153.30907308
79.72000,153.31849477
79.72500,153.32792061
79.73000,153.33735150
79.73500,153.34678578
79.74000,153.35622665
79.74500,153.36567696
79.75000,153.37513624
79.75500,153.38460234
79.76000,153.39407611
79.76500,153.40355777
79.77000,153.41304650
79.77500,153.42253843
79.78000,153.43203577
79.78500,153.44154129
79.79000,153.45105550
79.79500,153.46057364
79.80000,153.47009461
79.80500,153.47962103
79.81000,153.48915461
79.81500,153.49869298
79.82000,153.50823467
79.82500,153.51778237
79.83000,153.52733690
79.83500,153.53689476
79.84000,153.54645460
79.84500,153.55601734
79.85000,153.56558304
79.85500,153.57514771
79.86000,153.58470951
79.86500,153.59426748
79.87000,153.60382276
79.87500,153.61337076
79.88000,153.62291034
79.88500,153.63243986
79.89000,153.64196005
79.89500,153.65146669
79.90000,153.66096113
79.90500,153.67044413
79.91000,153.67991683
79.91500,153.68937893
79.92000,153.69883269
79.92500,153.70828125
79.93000,153.71772667
79.93500,153.72716874
79.94000,153.73660694
79.94500,153.74604417
79.95000,153.75548205
79.95500,153.76492191
79.96000,153.77436263
79.96500,153.78380916
79.97000,153.79326025
79.97500,153.80271476
79.98000,153.81216729
79.98500,153.82162188
79.99000,153.83107749
79.99500,153.84053269
80.00000,153.84998486
80.00500,153.85943403
80.01000,153.86888207
80.01500,153.87832631
80.02000,153.88776524
80.02500,153.89719594
80.03000,153.90661957
80.03500,153.91603416
80.04000,153.92544026
80.04500,153.93483721
80.05000,153.94422731
80.05500,153.95361069
80.06000,153.96298915
80.06500,153.97236139
80.07000,153.98173012
80.07500,153.99109385
80.08000,154.00045259
80.08500,154.00980486
80.09000,154.01915138
80.09500,154.02849344
80.10000,154.03783211
80.10500,154.04716763
80.11000,154.05650106
80.11500,154.06583394
80.12000,154.07516708
80.12500,154.08450013
80.13000,154.09383303
80.13500,154.10316503
80.14000,154.11249836
80.14500,154.12183337
80.15000,154.13117147
80.15500,154.14051120
80.16000,154.14985376
80.16500,154.15919655
80.17000,154.16853901
80.17500,154.17788094
80.18000,154.18722168
80.18500,154.19656307
80.19000,154.20590244
80.19500,154.21524226
80.20000,154.22458038
80.20500,154.23392063
80.21000,154.24325849
80.21500,154.25259383
80.22000,154.26192413
80.22500,154.27125187
80.23000,154.28057494
80.23500,154.28989396
80.24000,154.29920933
80.24500,154.30852318
80.25000,154.31783362
80.25500,154.32714032
80.26000,154.33644190
80.26500,154.34573918
80.27000,154.35502921
80.27500,154.36431229
80.28000,154.37358888
80.28500,154.38286034
80.29000,154.39212660
80.29500,154.40138751
80.30000,154.41064612
80.30500,154.41990221
80.31000,154.42915647
80.31500,154.43840563
80.32000,154.44765411
80.32500,154.45689914
80.33000,154.46614001
80.33500,154.47537330
80.34000,154.48460106
80.34500,154.49382507
80.35000,154.50304495
80.35500,154.51226263
80.36000,154.52147774
80.36500,154.53069219
80.37000,154.53990087
80.37500,154.54910451
80.38000,154.55830168
80.38500,154.56749391
80.39000,154.57667909
80.39500,154.58585731
80.40000,154.59503131
80.40500,154.60420043
80.41000,154.61336569
80.41500,154.62252552
80.42000,154.63168490
80.42500,154.64084400
80.43000,154.65000530
80.43500,154.65916863
80.44000,154.66833685
80.44500,154.67750955
80.45000,154.68668620
80.45500,154.69586479
80.46000,154.70504633
80.46500,154.71423084
80.47000,154.72341628
80.47500,154.73260155
80.48000,154.74178694
80.48500,154.75097218
80.49000,154.76015436
80.49500,154.76933217
80.50000,154.77850562
80.50500,154.78767180
80.51000,154.79682950
80.51500,154.80597551
80.52000,154.81511211
80.52500,154.82423623
80.53000,154.83334963
80.53500,154.84245107
80.54000,154.85154406
80.54500,154.86062894
80.55000,154.86970586
80.55500,154.87877524
80.56000,154.88783700
80.56500,154.89689400
80.57000,154.90594350
80.57500,154.91499028
80.58000,154.92403207
80.58500,154.93307125
80.59000,154.94210623
80.59500,154.95113976
80.60000,154.96017298
80.60500,154.96920703
80.61000,154.97824188
80.61500,154.98727767
80.62000,154.99631810
80.62500,155.00536435
80.63000,155.01441519
80.63500,155.02346883
80.64000,155.03252366
80.64500,155.04158065
80.65000,155.05063645
80.65500,155.05969252
80.66000,155.06874843
80.66500,155.07780718
80.67000,155.08686523
80.67500,155.09592151
80.68000,155.10497650
80.68500,155.11403175
80.69000,155.12308750
80.69500,155.13214276
80.70000,155.14119837
80.70500,155.15025813
80.71000,155.15932312
80.71500,155.16839422
80.72000,155.17746938
80.72500,155.18655203
80.73000,155.19564037
80.73500,155.20473460
80.74000,155.21383253
80.74500,155.22293901
80.75000,155.23205016
80.75500,155.24116453
80.76000,155.25027841
80.76500,155.25939611
80.77000,155.26851472
80.77500,155.27763157
80.78000,155.28674547
80.78500,155.29585775
80.79000,155.30497083
80.79500,155.31408190
80.80000,155.32319305
80.80500,155.33230358
80.81000,155.34141555
80.81500,155.35052443
80.82000,155.35963084
80.82500,155.36873633
80.83000,155.37784150
80.83500,155.38694248
80.84000,155.39603840
80.84500,155.40513135
80.85000,155.41422179
80.85500,155.42330921
80.86000,155.43239211
80.86500,155.44147297
80.87000,155.45055257
80.87500,155.45963138
80.88000,155.46871074
80.88500,155.47779270
80.89000,155.48688047
80.89500,155.49597569
80.90000,155.50508124
80.90500,155.51419826
80.91000,155.52332756
80.91500,155.53247074
80.92000,155.54162878
80.92500,155.55080524
80.93000,155.55999955
80.93500,155.56921257
80.94000,155.57844374
80.94500,155.58769460
80.95000,155.59696436
80.95500,155.60625288
80.96000,155.61555977
80.96500,155.62488510
80.97000,155.63422828
80.97500,155.64358776
80.98000,155.65296367
80.98500,155.66235629
80.99000,155.67176551
80.99500,155.68119075
81.00000,155.69063144
81.00500,155.70008929
81.01000,155.70956397
81.01500,155.71905677
81.02000,155.72856635
81.02500,155.73809403
81.03000,155.74763761
81.03500,155.75719702
81.04000,155.76676927
81.04500,155.77635460
81.05000,155.78595189
81.05500,155.79556168
81.06000,155.80518225
81.06500,155.81481292
81.07000,155.82445096
81.07500,155.83409758
81.08000,155.84374969
81.08500,155.85340585
81.09000,155.86306317
81.09500,155.87272411
81.10000,155.88238678
81.10500,155.89205119
81.11000,155.90171597
81.11500,155.91138249
81.12000,155.92104884
81.12500,155.93071491
81.13000,155.94037968
81.13500,155.95004279
81.14000,155.95970264
81.14500,155.96935794
81.15000,155.97900942
81.15500,155.98865695
81.16000,155.99830027
81.16500,156.00793940
81.17000,156.01757389
81.17500,156.02720483
81.18000,156.03683376
81.18500,156.04646317
81.19000,156.05609074
81.19500,156.06571538
81.20000,156.07533634
81.20500,156.08495544
81.21000,156.09457153
81.21500,156.10418528
81.22000,156.11379896
81.22500,156.12341430
81.23000,156.13303019
81.23500,156.14264508
81.24000,156.15225987
81.24500,156.16187662
81.25000,156.17149342
81.25500,156.18110910
81.26000,156.19072609
81.26500,156.20034734
81.27000,156.20997168
81.27500,156.21959831
81.28000,156.22922949
81.28500,156.23886697
81.29000,156.24850999
81.29500,156.25815665
81.30000,156.26780806
81.30500,156.27746635
81.31000,156.28713054
81.31500,156.29679620
81.32000,156.30646377
81.32500,156.31613418
81.33000,156.32580630
81.33500,156.33547391
81.34000,156.34513554
81.34500,156.35479315
81.35000,156.36444550
81.35500,156.37408813
81.36000,156.38371911
81.36500,156.39333987
81.37000,156.40295280
81.37500,156.41255574
81.38000,156.42215120
81.38500,156.43174153
81.39000,156.44132989
81.39500,156.45091498
81.40000,156.46049671
81.40500,156.47007695
81.41000,156.47965723
81.41500,156.48923563
81.42000,156.49881023
81.42500,156.50838160
81.43000,156.51795188
81.43500,156.52752278
81.44000,156.53709352
81.44500,156.54666496
81.45000,156.55623838
81.45500,156.56581441
81.46000,156.57539214
81.46500,156.58496744
81.47000,156.59453824
81.47500,156.60410375
81.48000,156.61366471
81.48500,156.62322028
81.49000,156.63277107
81.49500,156.64231856
81.50000,156.65186272
81.50500,156.66140430
81.51000,156.67094432
81.51500,156.68048586
81.52000,156.69002904
81.52500,156.69957662
81.53000,156.70912755
81.53500,156.71868492
81.54000,156.72824893
81.54500,156.73782011
81.55000,156.74739605
81.55500,156.75697666
81.56000,156.76656106
81.56500,156.77614868
81.57000,156.78573755
81.57500,156.79532556
81.58000,156.80491279
81.58500,156.81449816
81.59000,156.82408251
81.59500,156.83366459
81.60000,156.84324809
81.60500,156.85283310
81.61000,156.86241982
81.61500,156.87200763
81.62000,156.88159905
81.62500,156.89119444
81.63000,156.90079589
81.63500,156.91040422
81.64000,156.92002119
81.64500,156.92964679
81.65000,156.93927975
81.65500,156.94891724
81.66000,156.95855603
81.66500,156.96819304
81.67000,156.97782615
81.67500,156.98745469
81.68000,156.99707993
81.68500,157.00670115
81.69000,157.01631956
81.69500,157.02593251
81.70000,157.03554245
81.70500,157.04514600
81.71000,157.05474750
81.71500,157.06434368
81.72000,157.07394100
81.72500,157.08353543
81.73000,157.09312984
81.73500,157.10272054
81.74000,157.11231211
81.74500,157.12190384
81.75000,157.13149648
81.75500,157.14109024
81.76000,157.15068637
81.76500,157.16028729
81.77000,157.16988928
81.77500,157.17949381
81.78000,157.18909969
81.78500,157.19870983
81.79000,157.20831939
81.79500,157.21792630
81.80000,157.22753014
81.80500,157.23713305
81.81000,157.24673520
81.81500,157.25633371
81.82000,157.26593053
81.82500,157.27552501
81.83000,157.28511720
81.83500,157.29470368
81.84000,157.30428720
81.84500,157.31386928
81.85000,157.32344958
81.85500,157.33302696
81.86000,157.34260278
81.86500,157.35217908
81.87000,157.36175661
81.87500,157.37133277
81.88000,157.38090954
81.88500,157.39048981
81.89000,157.40007455
81.89500,157.40966058
81.90000,157.41925059
81.90500,157.42884658
81.91000,157.43845100
81.91500,157.44806025
81.92000,157.45767689
81.92500,157.46730209
81.93000,157.47693582
81.93500,157.48657619
81.94000,157.49622491
81.94500,157.50588449
81.95000,157.51555454
81.95500,157.52523351
81.96000,157.53492106
81.96500,157.54461795
81.97000,157.55432088
81.97500,157.56402684
81.98000,157.57373561
81.98500,157.58344942
81.99000,157.59316754
81.99500,157.60288593
82.00000,157.61260741
82.00500,157.62233278
82.01000,157.63206159
82.01500,157.64179008
82.02000,157.65152044
82.02500,157.66125174
82.03000,157.67098300
82.03500,157.68071113
82.04000,157.69043801
82.04500,157.70016253
82.05000,157.70988397
82.05500,157.71960021
82.06000,157.72931335
82.06500,157.73902320
82.07000,157.74872989
82.07500,157.75843043
82.08000,157.76812735
82.08500,157.77782204
82.09000,157.78751546
82.09500,157.79720728
82.10000,157.80689768
82.10500,157.81659055
82.11000,157.82628627
82.11500,157.83598341
82.12000,157.84568104
82.12500,157.85538052
82.13000,157.86508068
82.13500,157.87478021
82.14000,157.88447645
82.14500,157.89416982
82.15000,157.90385881
82.15500,157.91354233
82.16000,157.92321923
82.16500,157.93289117
82.17000,157.94255991
82.17500,157.95222613
82.18000,157.96188911
82.18500,157.97155175
82.19000,157.98121628
82.19500,157.99088405
82.20000,158.00055384
82.20500,158.01022594
82.21000,158.01990069
82.21500,158.02957893
82.22000,158.03926152
82.22500,158.04895147
82.23000,158.05865110
82.23500,158.06836116
82.24000,158.07808008
82.24500,158.08780774
82.25000,158.09754454
82.25500,158.10729107
82.26000,158.11704573
82.26500,158.12680812
82.27000,158.13657628
82.27500,158.14635085
82.28000,158.15613028
82.28500,158.16591305
82.29000,158.17569738
82.29500,158.18548389
82.30000,158.19527182
82.30500,158.20506263
82.31000,158.21485654
82.31500,158.22465633
82.32000,158.23446098
82.32500,158.24427289
82.33000,158.25409053
82.33500,158.26391599
82.34000,158.27374499
82.34500,158.28357792
82.35000,158.29341315
82.35500,158.30325157
82.36000,158.31309291
82.36500,158.32293823
82.37000,158.33278616
82.37500,158.34263460
82.38000,158.35248069
82.38500,158.36232473
82.39000,158.37216658
82.39500,158.38200823
82.40000,158.39184946
82.40500,158.40169130
82.41000,158.41153203
82.41500,158.42137298
82.42000,158.43121153
82.42500,158.44104857
82.43000,158.45088457
82.43500,158.46072003
82.44000,158.47055660
82.44500,158.48039476
82.45000,158.49023771
82.45500,158.50008324
82.46000,158.50993266
82.46500,158.51978500
82.47000,158.52964135
82.47500,158.53949806
82.48000,158.54935554
82.48500,158.55921470
82.49000,158.56907630
82.49500,158.57893954
82.50000,158.58880540
82.50500,158.59867225
82.51000,158.60854164
82.51500,158.61841284
82.52000,158.62828862
82.52500,158.63816535
82.53000,158.64804367
82.53500,158.65792134
82.54000,158.66779927
82.54500,158.67767538
82.55000,158.68755068
82.55500,158.69742570
82.56000,158.70730117
82.56500,158.71717658
82.57000,158.72704814
82.57500,158.73691865
82.58000,158.74678516
82.58500,158.75665364
82.59000,158.76652384
82.59500,158.77640163
82.60000,158.78628680
82.60500,158.79618191
82.61000,158.80608350
82.61500,158.81599423
82.62000,158.82591296
82.62500,158.83583956
82.63000,158.84577159
82.63500,158.85570878
82.64000,158.86565115
82.64500,158.87559724
82.65000,158.88554433
82.65500,158.89549030
82.66000,158.90543521
82.66500,158.91537723
82.67000,158.92531706
82.67500,158.93525273
82.68000,158.94518895
82.68500,158.95512651
82.69000,158.96506670
82.69500,158.97500705
82.70000,158.98494977
82.70500,158.99489490
82.71000,159.00484219
82.71500,159.01478985
82.72000,159.02474062
82.72500,159.03469538
82.73000,159.04465082
82.73500,159.05460446
82.74000,159.06455505
82.74500,159.07450549
82.75000,159.08445332
82.75500,159.09439641
82.76000,159.10432997
82.76500,159.11425643
82.77000,159.12417421
82.77500,159.13408240
82.78000,159.14397693
82.78500,159.15386117
82.79000,159.16373688
82.79500,159.17360421
82.80000,159.18346114
82.80500,159.19331072
82.81000,159.20315726
82.81500,159.21299964
82.82000,159.22283631
82.82500,159.23266802
82.83000,159.24250323
82.83500,159.25234302
82.84000,159.26218593
82.84500,159.27203234
82.85000,159.28188957
82.85500,159.29175937
82.86000,159.30164020
82.86500,159.31153089
82.87000,159.32143604
82.87500,159.33135486
82.88000,159.34128500
82.88500,159.35122236
82.89000,159.36116883
82.89500,159.37112022
82.90000,159.38107308
82.90500,159.39102425
82.91000,159.40097655
82.91500,159.41092636
82.92000,159.42086745
82.92500,159.43079861
82.93000,159.44072137
82.93500,159.45063381
82.94000,159.46053074
82.94500,159.47041094
82.95000,159.48027734
82.95500,159.49013043
82.96000,159.49996851
82.96500,159.50979031
82.97000,159.51960126
82.97500,159.52940242
82.98000,159.53919398
82.98500,159.54897302
82.99000,159.55874575
82.99500,159.56851386
83.00000,159.57827785
83.00500,159.58803538
83.01000,159.59779018
83.01500,159.60754413
83.02000,159.61729746
83.02500,159.62705038
83.03000,159.63680474
83.03500,159.64656164
83.04000,159.65631712
83.04500,159.66606916
83.05000,159.67581884
83.05500,159.68556648
83.06000,159.69530928
83.06500,159.70504584
83.07000,159.71477791
83.07500,159.72450521
83.08000,159.73422554
83.08500,159.74393499
83.09000,159.75363601
83.09500,159.76333333
83.10000,159.77302742
83.10500,159.78271629
83.11000,159.79240010
83.11500,159.80208454
83.12000,159.81176646
83.12500,159.82144695
83.13000,159.83112435
83.13500,159.84080423
83.14000,159.85048359
83.14500,159.86016096
83.15000,159.86983343
83.15500,159.87950628
83.16000,159.88917972
83.16500,159.89885275
83.17000,159.90852448
83.17500,159.91819505
83.18000,159.92786656
83.18500,159.93753495
83.19000,159.94720112
83.19500,159.95686447
83.20000,159.96652915
83.20500,159.97619046
83.21000,159.98584738
83.21500,159.99549854
83.22000,160.00514589
83.22500,160.01478702
83.23000,160.02442015
83.23500,160.03404476
83.24000,160.04366240
83.24500,160.05326922
83.25000,160.06286509
83.25500,160.07245241
83.26000,160.08203328
83.26500,160.09160752
83.27000,160.10117373
83.27500,160.11073558
83.28000,160.12029560
83.28500,160.12985475
83.29000,160.13941197
83.29500,160.14897325
83.30000,160.15854283
83.30500,160.16812177
83.31000,160.17770997
83.31500,160.18730998
83.32000,160.19692534
83.32500,160.20655598
83.33000,160.21620137
83.33500,160.22586034
83.34000,160.23553377
83.34500,160.24521824
83.35000,160.25491197
83.35500,160.26461160
83.36000,160.27431938
83.36500,160.28403274
83.37000,160.29375104
83.37500,160.30347357
83.38000,160.31320292
83.38500,160.32293738
83.39000,160.33267453
83.39500,160.34241261
83.40000,160.35215231
83.40500,160.36189103
83.41000,160.37162778
83.41500,160.38136098
83.42000,160.39109253
83.42500,160.40081816
83.43000,160.41053736
83.43500,160.42024592
83.44000,160.42994814
83.44500,160.43964169
83.45000,160.44932878
83.45500,160.45900840
83.46000,160.46868232
83.46500,160.47834757
83.47000,160.48800388
83.47500,160.49764955
83.48000,160.50728511
83.48500,160.51690961
83.49000,160.52652280
83.49500,160.53612576
83.50000,160.54572118
83.50500,160.55530912
83.51000,160.56488954
83.51500,160.57446318
83.52000,160.58403213
83.52500,160.59359485
83.53000,160.60314808
83.53500,160.61269104
83.54000,160.62222529
83.54500,160.63174958
83.55000,160.64126151
83.55500,160.65075996
83.56000,160.66024694
83.56500,160.66972230
83.57000,160.67918450
83.57500,160.68862944
83.58000,160.69805817
83.58500,160.70746797
83.59000,160.71685869
83.59500,160.72622606
83.60000,160.73557552
83.60500,160.74490843
83.61000,160.75422737
83.61500,160.76353034
83.62000,160.77281969
83.62500,160.78209675
83.63000,160.79136226
83.63500,160.80061504
83.64000,160.80985692
83.64500,160.81909195
83.65000,160.82831898
83.65500,160.83753771
83.66000,160.84674645
83.66500,160.85595232
83.67000,160.86515436
83.67500,160.87435409
83.68000,160.88355076
83.68500,160.89275184
83.69000,160.90195673
83.69500,160.91116403
83.70000,160.92037103
83.70500,160.92958222
83.71000,160.93879680
83.71500,160.94801122
83.72000,160.95722350
83.72500,160.96643626
83.73000,160.97565025
83.73500,160.98485964
83.74000,160.99406187
83.74500,161.00325636
83.75000,161.01244182
83.75500,161.02161444
83.76000,161.03077028
83.76500,161.03991291
83.77000,161.04904111
83.77500,161.05815595
83.78000,161.06725343
83.78500,161.07633930
83.79000,161.08541365
83.79500,161.09447772
83.80000,161.10352948
83.80500,161.11257181
83.81000,161.12160826
83.81500,161.13063905
83.82000,161.13966520
83.82500,161.14868663
83.83000,161.15770535
83.83500,161.16672074
83.84000,161.17573046
83.84500,161.18473415
83.85000,161.19373243
83.85500,161.20272404
83.86000,161.21171015
83.86500,161.22069147
83.87000,161.22967269
83.87500,161.23865370
83.88000,161.24763568
83.88500,161.25661638
83.89000,161.26559842
83.89500,161.27457930
83.90000,161.28355944
83.90500,161.29253833
83.91000,161.30151794
83.91500,161.31049966
83.92000,161.31948296
83.92500,161.32847051
83.93000,161.33746054
83.93500,161.34645605
83.94000,161.35545349
83.94500,161.36445441
83.95000,161.37345725
83.95500,161.38246346
83.96000,161.39147154
83.96500,161.40048139
83.97000,161.40949323
83.97500,161.41850708
83.98000,161.42752505
83.98500,161.43654514
83.99000,161.44556912
83.99500,161.45459402
84.00000,161.46362147
84.00500,161.47264867
84.01000,161.48168030
84.01500,161.49071409
84.02000,161.49975217
84.02500,161.50879173
84.03000,161.51783547
84.03500,161.52688004
84.04000,161.53592535
84.04500,161.54497020
84.05000,161.55401631
84.05500,161.56306499
84.06000,161.57211607
84.06500,161.58116868
84.07000,161.59022293
84.07500,161.59928096
84.08000,161.60834356
84.08500,161.61740924
84.09000,161.62647970
84.09500,161.63555589
84.10000,161.64463968
84.10500,161.65372870
84.11000,161.66282374
84.11500,161.67192165
84.12000,161.68102334
84.12500,161.69012747
84.13000,161.69923707
84.13500,161.70835011
84.14000,161.71746992
84.14500,161.72659668
84.15000,161.73573174
84.15500,161.74487047
84.16000,161.75401622
84.16500,161.76316645
84.17000,161.77232666
84.17500,161.78149164
84.18000,161.79066449
84.18500,161.79984057
84.19000,161.80902536
84.19500,161.81821605
84.20000,161.82741650
84.20500,161.83662712
84.21000,161.84585090
84.21500,161.85508698
84.22000,161.86433563
84.22500,161.87359779
84.23000,161.88287177
84.23500,161.89215477
84.24000,161.90144516
84.24500,161.91074209
84.25000,161.92004603
84.25500,161.92935586
84.26000,161.93867330
84.26500,161.94799879
84.27000,161.95733410
84.27500,161.96667830
84.28000,161.97602901
84.28500,161.98538426
84.29000,161.99474013
84.29500,162.00409569
84.30000,162.01344537
84.30500,162.02278889
84.31000,162.03212592
84.31500,162.04145750
84.32000,162.05078282
84.32500,162.06010135
84.33000,162.06941642
84.33500,162.07872726
84.34000,162.08803511
84.34500,162.09733984
84.35000,162.10664723
84.35500,162.11595910
84.36000,162.12527681
84.36500,162.13459914
84.37000,162.14392829
84.37500,162.15326510
84.38000,162.16260940
84.38500,162.17195909
84.39000,162.18131127
84.39500,162.19066614
84.40000,162.20002126
84.40500,162.20937386
84.41000,162.21872057
84.41500,162.22806461
84.42000,162.23740577
84.42500,162.24674263
84.43000,162.25607148
84.43500,162.26539600
84.44000,162.27471682
84.44500,162.28403312
84.45000,162.29334149
84.45500,162.30264682
84.46000,162.31195271
84.46500,162.32126076
84.47000,162.33056962
84.47500,162.33988149
84.48000,162.34919671
84.48500,162.35851230
84.49000,162.36782535
84.49500,162.37713888
84.50000,162.38645514
84.50500,162.39577265
84.51000,162.40508684
84.51500,162.41439907
84.52000,162.42371031
84.52500,162.43302107
84.53000,162.44232835
84.53500,162.45163275
84.54000,162.46093423
84.54500,162.47023377
84.55000,162.47952861
84.55500,162.48882159
84.56000,162.49811284
84.56500,162.50740517
84.57000,162.51669842
84.57500,162.52599608
84.58000,162.53529986
84.58500,162.54461295
84.59000,162.55393264
84.59500,162.56326031
84.60000,162.57259447
84.60500,162.58193658
84.61000,162.59128198
84.61500,162.60062726
84.62000,162.60996974
84.62500,162.61930816
84.63000,162.62864036
84.63500,162.63796122
84.64000,162.64727417
84.64500,162.65658131
84.65000,162.66588678
84.65500,162.67518641
84.66000,162.68448110
84.66500,162.69377013
84.67000,162.70305612
84.67500,162.71233713
84.68000,162.72161377
84.68500,162.73088716
84.69000,162.74016143
84.69500,162.74943877
84.70000,162.75871794
84.70500,162.76800013
84.71000,162.77728353
84.71500,162.78656909
84.72000,162.79585406
84.72500,162.80513642
84.73000,162.81441642
84.73500,162.82369559
84.74000,162.83297486
84.74500,162.84225355
84.75000,162.85153184
84.75500,162.86080942
84.76000,162.87008607
84.76500,162.87936004
84.77000,162.88863213
84.77500,162.89790381
84.78000,162.90717608
84.78500,162.91645096
84.79000,162.92573213
84.79500,162.93502120
84.80000,162.94431872
84.80500,162.95362550
84.81000,162.96294167
84.81500,162.97226960
84.82000,162.98160921
84.82500,162.99096382
84.83000,163.00033003
84.83500,163.00970867
84.84000,163.01909423
84.84500,163.02848532
84.85000,163.03788087
84.85500,163.04728174
84.86000,163.05668792
84.86500,163.06609843
84.87000,163.07551464
84.87500,163.08493468
84.88000,163.09435954
84.88500,163.10378642
84.89000,163.11321667
84.89500,163.12265097
84.90000,163.13209031
84.90500,163.14153242
84.91000,163.15097649
84.91500,163.16042417
84.92000,163.16987320
84.92500,163.17932372
84.93000,163.18877200
84.93500,163.19822117
84.94000,163.20766912
84.94500,163.21711695
84.95000,163.22656204
84.95500,163.23600529
84.96000,163.24544383
84.96500,163.25487706
84.97000,163.26430273
84.97500,163.27372090
84.98000,163.28313060
84.98500,163.29253095
84.99000,163.30192225
84.99500,163.31130728
85.00000,163.32068738
85.00500,163.33006232
85.01000,163.33943479
85.01500,163.34880671
85.02000,163.35817783
85.02500,163.36754806
85.03000,163.37691533
85.03500,163.38628291
85.04000,163.39565003
85.04500,163.40501937
85.05000,163.41438831
85.05500,163.42375794
85.06000,163.43312819
85.06500,163.44250046
85.07000,163.45187348
85.07500,163.46124782
85.08000,163.47062303
85.08500,163.47999694
85.09000,163.48936934
85.09500,163.49873894
85.10000,163.50810518
85.10500,163.51746777
85.11000,163.52682587
85.11500,163.53617719
85.12000,163.54551776
85.12500,163.55484780
85.13000,163.56416472
85.13500,163.57346989
85.14000,163.58276160
85.14500,163.59204263
85.15000,163.60131004
85.15500,163.61056579
85.16000,163.61981052
85.16500,163.62904824
85.17000,163.63827902
85.17500,163.64750383
85.18000,163.65672602
85.18500,163.66594541
85.19000,163.67516151
85.19500,163.68437100
85.20000,163.69357665
85.20500,163.70278037
85.21000,163.71198195
85.21500,163.72118051
85.22000,163.73037561
85.22500,163.73956633
85.23000,163.74875196
85.23500,163.75792991
85.24000,163.76710039
85.24500,163.77626699
85.25000,163.78543042
85.25500,163.79458990
85.26000,163.80374664
85.26500,163.81290019
85.27000,163.82205119
85.27500,163.83119690
85.28000,163.84033687
85.28500,163.84947320
85.29000,163.85860463
85.29500,163.86773205
85.30000,163.87685235
85.30500,163.88597156
85.31000,163.89508643
85.31500,163.90420005
85.32000,163.91330892
85.32500,163.92241681
85.33000,163.93152072
85.33500,163.94061981
85.34000,163.94971179
85.34500,163.95879812
85.35000,163.96788397
85.35500,163.97696984
85.36000,163.98606058
85.36500,163.99515560
85.37000,164.00425944
85.37500,164.01336956
85.38000,164.02248521
85.38500,164.03160203
85.39000,164.04072133
85.39500,164.04984153
85.40000,164.05895894
85.40500,164.06806932
85.41000,164.07717055
85.41500,164.08626052
85.42000,164.09533510
85.42500,164.10439286
85.43000,164.11343306
85.43500,164.12245457
85.44000,164.13145785
85.44500,164.14044196
85.45000,164.14941198
85.45500,164.15836800
85.46000,164.16731023
85.46500,164.17623873
85.47000,164.18515454
85.47500,164.19405871
85.48000,164.20294777
85.48500,164.21182489
85.49000,164.22069103
85.49500,164.22955175
85.50000,164.23840236
85.50500,164.24724607
85.51000,164.25608482
85.51500,164.26492241
85.52000,164.27375924
85.52500,164.28259578
85.53000,164.29143600
85.53500,164.30027661
85.54000,164.30912013
85.54500,164.31796108
85.55000,164.32680358
85.55500,164.33564525
85.56000,164.34448897
85.56500,164.35333471
85.57000,164.36218758
85.57500,164.37105128
85.58000,164.37992382
85.58500,164.38880403
85.59000,164.39769038
85.59500,164.40658397
85.60000,164.41548271
85.60500,164.42438540
85.61000,164.43329177
85.61500,164.44220200
85.62000,164.45111568
85.62500,164.46003222
85.63000,164.46894927
85.63500,164.47786672
85.64000,164.48678549
85.64500,164.49570639
85.65000,164.50462831
85.65500,164.51355063
85.66000,164.52247471
85.66500,164.53140252
85.67000,164.54033255
85.67500,164.54926535
85.68000,164.55820024
85.68500,164.56714301
85.69000,164.57609554
85.69500,164.58505866
85.70000,164.59403169
85.70500,164.60301966
85.71000,164.61202469
85.71500,164.62104651
85.72000,164.63008312
85.72500,164.63913364
85.73000,164.64819816
85.73500,164.65726977
85.74000,164.66634565
85.74500,164.67542239
85.75000,164.68450380
85.75500,164.69358631
85.76000,164.70266934
85.76500,164.71175360
85.77000,164.72084504
85.77500,164.72994357
85.78000,164.73904866
85.78500,164.74816253
85.79000,164.75728945
85.79500,164.76642781
85.80000,164.77557587
85.80500,164.78473584
85.81000,164.79390893
85.81500,164.80309630
85.82000,164.81229873
85.82500,164.82151782
85.83000,164.83075773
85.83500,164.84001787
85.84000,164.84929920
85.84500,164.85860080
85.85000,164.86792279
85.85500,164.87726358
85.86000,164.88662248
85.86500,164.89599656
85.87000,164.90538539
85.87500,164.91478786
85.88000,164.92420704
85.88500,164.93363946
85.89000,164.94308824
85.89500,164.95255226
85.90000,164.96203398
85.90500,164.97152667
85.91000,164.98102843
85.91500,164.99053590
85.92000,165.00005261
85.92500,165.00957651
85.93000,165.01910658
85.93500,165.02864412
85.94000,165.03819131
85.94500,165.04774736
85.95000,165.05730743
85.95500,165.06687176
85.96000,165.07644028
85.96500,165.08601501
85.97000,165.09558979
85.97500,165.10516469
85.98000,165.11474026
85.98500,165.12431749
85.99000,165.13389443
85.99500,165.14347059
86.00000,165.15304939
86.00500,165.16263086
86.01000,165.17221494
86.01500,165.18180272
86.02000,165.19139631
86.02500,165.20099322
86.03000,165.21059416
86.03500,165.22019938
86.04000,165.22981188
86.04500,165.23943257
86.05000,165.24906027
86.05500,165.25869557
86.06000,165.26833734
86.06500,165.27798453
86.07000,165.28763433
86.07500,165.29728548
86.08000,165.30693788
86.08500,165.31659197
86.09000,165.32624809
86.09500,165.33590440
86.10000,165.34556173
86.10500,165.35521675
86.11000,165.36487000
86.11500,165.37451444
86.12000,165.38415333
86.12500,165.39378402
86.13000,165.40340728
86.13500,165.41301967
86.14000,165.42262326
86.14500,165.43222155
86.15000,165.44181547
86.15500,165.45140613
86.16000,165.46099131
86.16500,165.47057802
86.17000,165.48016509
86.17500,165.48975386
86.18000,165.49934224
86.18500,165.50893621
86.19000,165.51853666
86.19500,165.52814275
86.20000,165.53775272
86.20500,165.54736763
86.21000,165.55698795
86.21500,165.56661047
86.22000,165.57623386
86.22500,165.58585879
86.23000,165.59548283
86.23500,165.60510183
86.24000,165.61471294
86.24500,165.62431937
86.25000,165.63391939
86.25500,165.64350938
86.26000,165.65308703
86.26500,165.66265778
86.27000,165.67222262
86.27500,165.68178040
86.28000,165.69133426
86.28500,165.70089081
86.29000,165.71045201
86.29500,165.72001421
86.30000,165.72957712
86.30500,165.73914213
86.31000,165.74871100
86.31500,165.75827861
86.32000,165.76784756
86.32500,165.77742024
86.33000,165.78699576
86.33500,165.79657075
86.34000,165.80614613
86.34500,165.81572425
86.35000,165.82530591
86.35500,165.83488843
86.36000,165.84447069
86.36500,165.85405407
86.37000,165.86363958
86.37500,165.87322324
86.38000,165.88280565
86.38500,165.89239012
86.39000,165.90197983
86.39500,165.91156960
86.40000,165.92115823
86.40500,165.93074685
86.41000,165.94033729
86.41500,165.94992206
86.42000,165.95950226
86.42500,165.96907910
86.43000,165.97865790
86.43500,165.98823612
86.44000,165.99781665
86.44500,166.00740153
86.45000,166.01699358
86.45500,166.02658883
86.46000,166.03618588
86.46500,166.04578876
86.47000,166.05540098
86.47500,166.06502069
86.48000,166.07464389
86.48500,166.08427037
86.49000,166.09390186
86.49500,166.10353461
86.50000,166.11316582
86.50500,166.12279535
86.51000,166.13242658
86.51500,166.14205736
86.52000,166.15168332
86.52500,166.16130068
86.53000,166.17091255
86.53500,166.18051480
86.54000,166.19010475
86.54500,166.19967788
86.55000,166.20923793
86.55500,166.21878123
86.56000,166.22830869
86.56500,166.23781915
86.57000,166.24731684
86.57500,166.25680187
86.58000,166.26627613
86.58500,166.27573867
86.59000,166.28519429
86.59500,166.29464505
86.60000,166.30409276
86.60500,166.31353506
86.61000,166.32297427
86.61500,166.33240828
86.62000,166.34183522
86.62500,166.35125394
86.63000,166.36066426
86.63500,166.37007002
86.64000,166.37947039
86.64500,166.38886731
86.65000,166.39825793
86.65500,166.40764296
86.66000,166.41702239
86.66500,166.42639525
86.67000,166.43575919
86.67500,166.44511028
86.68000,166.45445219
86.68500,166.46378354
86.69000,166.47310978
86.69500,166.48242737
86.70000,166.49174152
86.70500,166.50104922
86.71000,166.51035093
86.71500,166.51964055
86.72000,166.52891981
86.72500,166.53818946
86.73000,166.54745032
86.73500,166.55670282
86.74000,166.56594607
86.74500,166.57518731
86.75000,166.58442424
86.75500,166.59365863
86.76000,166.60288637
86.76500,166.61211276
86.77000,166.62133611
86.77500,166.63055534
86.78000,166.63977108
86.78500,166.64898634
86.79000,166.65820164
86.79500,166.66741304
86.80000,166.67662140
86.80500,166.68582670
86.81000,166.69502664
86.81500,166.70421701
86.82000,166.71339457
86.82500,166.72256046
86.83000,166.73171271
86.83500,166.74085353
86.84000,166.74998477
86.84500,166.75911142
86.85000,166.76823468
86.85500,166.77735268
86.86000,166.78646615
86.86500,166.79557472
86.87000,166.80468082
86.87500,166.81377887
86.88000,166.82287277
86.88500,166.83196242
86.89000,166.84105200
86.89500,166.85013723
86.90000,166.85922300
86.90500,166.86831092
86.91000,166.87740164
86.91500,166.88649108
86.92000,166.89557980
86.92500,166.90466812
86.93000,166.91375451
86.93500,166.92283401
86.94000,166.93190649
86.94500,166.94097578
86.95000,166.95004238
86.95500,166.95910429
86.96000,166.96816351
86.96500,166.97722389
86.97000,166.98628588
86.97500,166.99534926
86.98000,167.00441663
86.98500,167.01348980
86.99000,167.02256685
86.99500,167.03164274
87.00000,167.04071375
87.00500,167.04978241
87.01000,167.05884630
87.01500,167.06790487
87.02000,167.07695536
87.02500,167.08600200
87.03000,167.09504618
87.03500,167.10408571
87.04000,167.11312093
87.04500,167.12215371
87.05000,167.13118800
87.05500,167.14022120
87.06000,167.14925027
87.06500,167.15827375
87.07000,167.16729005
87.07500,167.17629977
87.08000,167.18530325
87.08500,167.19430297
87.09000,167.20329943
87.09500,167.21229327
87.10000,167.22128281
87.10500,167.23026796
87.11000,167.23924859
87.11500,167.24822567
87.12000,167.25720176
87.12500,167.26617680
87.13000,167.27515543
87.13500,167.28414165
87.14000,167.29313761
87.14500,167.30213852
87.15000,167.31114361
87.15500,167.32015256
87.16000,167.32916463
87.16500,167.33817624
87.17000,167.34718696
87.17500,167.35620058
87.18000,167.36522138
87.18500,167.37424883
87.19000,167.38328193
87.19500,167.39232364
87.20000,167.40137733
87.20500,167.41043786
87.21000,167.41950328
87.21500,167.42857285
87.22000,167.43764985
87.22500,167.44673052
87.23000,167.45581668
87.23500,167.46491016
87.24000,167.47401647
87.24500,167.48313021
87.25000,167.49224854
87.25500,167.50137148
87.26000,167.51049969
87.26500,167.51962884
87.27000,167.52875851
87.27500,167.53789024
87.28000,167.54702379
87.28500,167.55615823
87.29000,167.56529383
87.29500,167.57443550
87.30000,167.58358654
87.30500,167.59275143
87.31000,167.60193512
87.31500,167.61114048
87.32000,167.62036728
87.32500,167.62961077
87.33000,167.63887301
87.33500,167.64815115
87.34000,167.65744542
87.34500,167.66674860
87.35000,167.67606587
87.35500,167.68539658
87.36000,167.69474417
87.36500,167.70410364
87.37000,167.71347938
87.37500,167.72286764
87.38000,167.73226889
87.38500,167.74167583
87.39000,167.75108979
87.39500,167.76050921
87.40000,167.76993339
87.40500,167.77935894
87.41000,167.78878657
87.41500,167.79821896
87.42000,167.80765317
87.42500,167.81708775
87.43000,167.82652012
87.43500,167.83595135
87.44000,167.84537789
87.44500,167.85479766
87.45000,167.86421102
87.45500,167.87362216
87.46000,167.88303113
87.46500,167.89243751
87.47000,167.90184325
87.47500,167.91125298
87.48000,167.92066716
87.48500,167.93008313
87.49000,167.93950163
87.49500,167.94892098
87.50000,167.95833838
87.50500,167.96775108
87.51000,167.97716289
87.51500,167.98657459
87.52000,167.99598623
87.52500,168.00539759
87.53000,168.01481114
87.53500,168.02423071
87.54000,168.03365922
87.54500,168.04309444
87.55000,168.05253968
87.55500,168.06199482
87.56000,168.07146176
87.56500,168.08093801
87.57000,168.09042415
87.57500,168.09992004
87.58000,168.10942903
87.58500,168.11895260
87.59000,168.12849068
87.59500,168.13804225
87.60000,168.14760367
87.60500,168.15717939
87.61000,168.16676721
87.61500,168.17637068
87.62000,168.18598530
87.62500,168.19561468
87.63000,168.20525426
87.63500,168.21490342
87.64000,168.22456108
87.64500,168.23422593
87.65000,168.24389683
87.65500,168.25356921
87.66000,168.26324319
87.66500,168.27291488
87.67000,168.28258559
87.67500,168.29224843
87.68000,168.30190268
87.68500,168.31154339
87.69000,168.32117541
87.69500,168.33079458
87.70000,168.34040284
87.70500,168.34999625
87.71000,168.35958171
87.71500,168.36915402
87.72000,168.37871775
87.72500,168.38826767
87.73000,168.39780980
87.73500,168.40734316
87.74000,168.41687391
87.74500,168.42640240
87.75000,168.43593643
87.75500,168.44547579
87.76000,168.45502007
87.76500,168.46456675
87.77000,168.47411493
87.77500,168.48366458
87.78000,168.49321416
87.78500,168.50276206
87.79000,168.51231034
87.79500,168.52186245
87.80000,168.53141899
87.80500,168.54097703
87.81000,168.55053397
87.81500,168.56008922
87.82000,168.56964400
87.82500,168.57919772
87.83000,168.58875027
87.83500,168.59830482
87.84000,168.60786499
87.84500,168.61743151
87.85000,168.62699778
87.85500,168.63656327
87.86000,168.64612982
87.86500,168.65569957
87.87000,168.66526993
87.87500,168.67484246
87.88000,168.68442078
87.88500,168.69400627
87.89000,168.70359460
87.89500,168.71318192
87.90000,168.72276759
87.90500,168.73235060
87.91000,168.74192896
87.91500,168.75150225
87.92000,168.76107305
87.92500,168.77064247
87.93000,168.78021125
87.93500,168.78978015
87.94000,168.79935160
87.94500,168.80892636
87.95000,168.81850456
87.95500,168.82808159
87.96000,168.83765930
87.96500,168.84723685
87.97000,168.85681501
87.97500,168.86638650
87.98000,168.87595476
87.98500,168.88551827
87.99000,168.89508261
87.99500,168.90463851
88.00000,168.91418596
88.00500,168.92372269
88.01000,168.93324989
88.01500,168.94276563
88.02000,168.95227127
88.02500,168.96177113
88.03000,168.97127066
88.03500,168.98077048
88.04000,168.99027244
88.04500,168.99977612
88.05000,169.00928227
88.05500,169.01878572
88.06000,169.02828296
88.06500,169.03777261
88.07000,169.04724994
88.07500,169.05671273
88.08000,169.06615888
88.08500,169.07559498
88.09000,169.08501980
88.09500,169.09443359
88.10000,169.10383720
88.10500,169.11323798
88.11000,169.12263879
88.11500,169.13204133
88.12000,169.14144931
88.12500,169.15086793
88.13000,169.16029709
88.13500,169.16973580
88.14000,169.17918607
88.14500,169.18865186
88.15000,169.19813113
88.15500,169.20762008
88.16000,169.21711511
88.16500,169.22661782
88.17000,169.23612564
88.17500,169.24563714
88.18000,169.25515281
88.18500,169.26467367
88.19000,169.27419414
88.19500,169.28371036
88.20000,169.29322410
88.20500,169.30273851
88.21000,169.31224935
88.21500,169.32175294
88.22000,169.33125024
88.22500,169.34074480
88.23000,169.35023292
88.23500,169.35971724
88.24000,169.36919494
88.24500,169.37867126
88.25000,169.38814294
88.25500,169.39761096
88.26000,169.40707229
88.26500,169.41653001
88.27000,169.42598440
88.27500,169.43543594
88.28000,169.44488220
88.28500,169.45432352
88.29000,169.46375972
88.29500,169.47319349
88.30000,169.48262705
88.30500,169.49206148
88.31000,169.50150072
88.31500,169.51094726
88.32000,169.52040529
88.32500,169.52987679
88.33000,169.53936282
88.33500,169.54886310
88.34000,169.55837375
88.34500,169.56789836
88.35000,169.57743553
88.35500,169.58698638
88.36000,169.59654818
88.36500,169.60612670
88.37000,169.61571904
88.37500,169.62532603
88.38000,169.63494472
88.38500,169.64457729
88.39000,169.65421877
88.39500,169.66386769
88.40000,169.67352329
88.40500,169.68318354
88.41000,169.69284661
88.41500,169.70250921
88.42000,169.71216826
88.42500,169.72182572
88.43000,169.73148077
88.43500,169.74113352
88.44000,169.75078161
88.44500,169.76043285
88.45000,169.77008536
88.45500,169.77974238
88.46000,169.78939995
88.46500,169.79906570
88.47000,169.80873793
88.47500,169.81842069
88.48000,169.82811250
88.48500,169.83781926
88.49000,169.84754071
88.49500,169.85727372
88.50000,169.86701388
88.50500,169.87675953
88.51000,169.88651231
88.51500,169.89626744
88.52000,169.90602346
88.52500,169.91578161
88.53000,169.92554548
88.53500,169.93531583
88.54000,169.94508885
88.54500,169.95486833
88.55000,169.96465304
88.55500,169.97444136
88.56000,169.98422379
88.56500,169.99399711
88.57000,170.00376159
88.57500,170.01352190
88.58000,170.02328098
88.58500,170.03303829
88.59000,170.04279783
88.59500,170.05255894
88.60000,170.06232192
88.60500,170.07207997
88.61000,170.08183560
88.61500,170.09159022
88.62000,170.10134886
88.62500,170.11110682
88.63000,170.12086368
88.63500,170.13062172
88.64000,170.14038637
88.64500,170.15015632
88.65000,170.15993042
88.65500,170.16971006
88.66000,170.17949906
88.66500,170.18929412
88.67000,170.19909338
88.67500,170.20889404
88.68000,170.21869782
88.68500,170.22850048
88.69000,170.23829659
88.69500,170.24808665
88.70000,170.25787269
88.70500,170.26765364
88.71000,170.27742464
88.71500,170.28718670
88.72000,170.29693837
88.72500,170.30668255
88.73000,170.31641960
88.73500,170.32615432
88.74000,170.33588813
88.74500,170.34562426
88.75000,170.35536284
88.75500,170.36510613
88.76000,170.37485854
88.76500,170.38461943
88.77000,170.39439073
88.77500,170.40417081
88.78000,170.41396318
88.78500,170.42376537
88.79000,170.43357913
88.79500,170.44339808
88.80000,170.45322214
88.80500,170.46304715
88.81000,170.47287221
88.81500,170.48269061
88.82000,170.49250394
88.82500,170.50231211
88.83000,170.51211736
88.83500,170.52191246
88.84000,170.53170118
88.84500,170.54148137
88.85000,170.55125767
88.85500,170.56102348
88.86000,170.57078649
88.86500,170.58054947
88.87000,170.59031678
88.87500,170.60008213
88.88000,170.60984339
88.88500,170.61960307
88.89000,170.62935876
88.89500,170.63910706
88.90000,170.64884094
88.90500,170.65856352
88.91000,170.66826689
88.91500,170.67795473
88.92000,170.68762257
88.92500,170.69727957
88.93000,170.70692365
88.93500,170.71655830
88.94000,170.72618230
88.94500,170.73579810
88.95000,170.74540429
88.95500,170.75500249
88.96000,170.76459050
88.96500,170.77417400
88.97000,170.78375289
88.97500,170.79333269
88.98000,170.80291484
88.98500,170.81250866
88.99000,170.82211910
88.99500,170.83174983
89.00000,170.84139896
89.00500,170.85106553
89.01000,170.86075151
89.01500,170.87045661
89.02000,170.88018198
89.02500,170.88992954
89.03000,170.89970438
89.03500,170.90950825
89.04000,170.91934001
89.04500,170.92919851
89.05000,170.93908339
89.05500,170.94899098
89.06000,170.95891849
89.06500,170.96886145
89.07000,170.97882270
89.07500,170.98879830
89.08000,170.99878775
89.08500,171.00878262
89.09000,171.01878464
89.09500,171.02878862
89.10000,171.03879427
89.10500,171.04879636
89.11000,171.05879509
89.11500,171.06878943
89.12000,171.07877515
89.12500,171.08875396
89.13000,171.09872502
89.13500,171.10869699
89.14000,171.11866556
89.14500,171.12863848
89.15000,171.13861073
89.15500,171.14858753
89.16000,171.15856306
89.16500,171.16854398
89.17000,171.17853201
89.17500,171.18852593
89.18000,171.19852506
89.18500,171.20852984
89.19000,171.21854359
89.19500,171.22856271
89.20000,171.23858323
89.20500,171.24860672
89.21000,171.25863336
89.21500,171.26866519
89.22000,171.27869455
89.22500,171.28872197
89.23000,171.29874497
89.23500,171.30876719
89.24000,171.31877789
89.24500,171.32878256
89.25000,171.33877971
89.25500,171.34877247
89.26000,171.35875038
89.26500,171.36871710
89.27000,171.37867326
89.27500,171.38862218
89.28000,171.39856047
89.28500,171.40848981
89.29000,171.41841631
89.29500,171.42833828
89.30000,171.43825487
89.30500,171.44816256
89.31000,171.45806700
89.31500,171.46796825
89.32000,171.47786825
89.32500,171.48776511
89.33000,171.49766256
89.33500,171.50756102
89.34000,171.51745553
89.34500,171.52734305
89.35000,171.53722418
89.35500,171.54709815
89.36000,171.55696165
89.36500,171.56681337
89.37000,171.57664972
89.37500,171.58647153
89.38000,171.59627358
89.38500,171.60605823
89.39000,171.61582548
89.39500,171.62557684
89.40000,171.63531006
89.40500,171.64502402
89.41000,171.65472442
89.41500,171.66440803
89.42000,171.67408058
89.42500,171.68373517
89.43000,171.69337754
89.43500,171.70300262
89.44000,171.71261947
89.44500,171.72222205
89.45000,171.73181769
89.45500,171.74140094
89.46000,171.75098146
89.46500,171.76055944
89.47000,171.77013843
89.47500,171.77971777
89.48000,171.78929689
89.48500,171.79887981
89.49000,171.80846315
89.49500,171.81804872
89.50000,171.82762890
89.50500,171.83720728
89.51000,171.84678016
89.51500,171.85634842
89.52000,171.86591313
89.52500,171.87547405
89.53000,171.88503334
89.53500,171.89458568
89.54000,171.90413649
89.54500,171.91368065
89.55000,171.92322488
89.55500,171.93276644
89.56000,171.94230935
89.56500,171.95185249
89.57000,171.96139976
89.57500,171.97095358
89.58000,171.98051492
89.58500,171.99008566
89.59000,171.99966235
89.59500,172.00924669
89.60000,172.01883534
89.60500,172.02842893
89.61000,172.03802419
89.61500,172.04762209
89.62000,172.05722184
89.62500,172.06682525
89.63000,172.07642754
89.63500,172.08602802
89.64000,172.09562291
89.64500,172.10521338
89.65000,172.11479614
89.65500,172.12436987
89.66000,172.13393390
89.66500,172.14349050
89.67000,172.15304162
89.67500,172.16258947
89.68000,172.17213730
89.68500,172.18168826
89.69000,172.19124501
89.69500,172.20080659
89.70000,172.21037070
89.70500,172.21993920
89.71000,172.22951457
89.71500,172.23910143
89.72000,172.24869982
89.72500,172.25831255
89.73000,172.26794027
89.73500,172.27758369
89.74000,172.28723723
89.74500,172.29689712
89.75000,172.30656585
89.75500,172.31624515
89.76000,172.32593568
89.76500,172.33563537
89.77000,172.34534968
89.77500,172.35507741
89.78000,172.36482204
89.78500,172.37457923
89.79000,172.38435365
89.79500,172.39414146
89.80000,172.40394448
89.80500,172.41375492
89.81000,172.42357410
89.81500,172.43339506
89.82000,172.44321572
89.82500,172.45302775
89.83000,172.46283223
89.83500,172.47262389
89.84000,172.48240869
89.84500,172.49218051
89.85000,172.50194392
89.85500,172.51169879
89.86000,172.52145255
89.86500,172.53120894
89.87000,172.54097091
89.87500,172.55074182
89.88000,172.56052251
89.88500,172.57031447
89.89000,172.58011120
89.89500,172.58991419
89.90000,172.59972450
89.90500,172.60955045
89.91000,172.61938899
89.91500,172.62924090
89.92000,172.63910278
89.92500,172.64897580
89.93000,172.65885371
89.93500,172.66873419
89.94000,172.67861677
89.94500,172.68850490
89.95000,172.69839553
89.95500,172.70828905
89.96000,172.71818079
89.96500,172.72807264
89.97000,172.73796229
89.97500,172.74784835
89.98000,172.75772796
89.98500,172.76760551
89.99000,172.77748108
89.99500,172.78735341
90.00000,172.79721575
90.00500,172.80707364
90.01000,172.81692204
90.01500,172.82676495
90.02000,172.83659476
90.02500,172.84642102
90.03000,172.85624434
90.03500,172.86606807
90.04000,172.87588895
90.04500,172.88570541
90.05000,172.89551873
90.05500,172.90532484
90.06000,172.91512542
90.06500,172.92492027
90.07000,172.93471360
90.07500,172.94450756
90.08000,172.95430124
90.08500,172.96409137
90.09000,172.97387754
90.09500,172.98366626
90.10000,172.99345620
90.10500,173.00325318
90.11000,173.01305565
90.11500,173.02287294
90.12000,173.03270410
90.12500,173.04254601
90.13000,173.05239448
90.13500,173.06224733
90.14000,173.07210613
90.14500,173.08195664
90.15000,173.09179657
90.15500,173.10161805
90.16000,173.11142843
90.16500,173.12121594
90.17000,173.13097927
90.17500,173.14071351
90.18000,173.15042204
90.18500,173.16009908
90.19000,173.16974791
90.19500,173.17937614
90.20000,173.18898980
90.20500,173.19859612
90.21000,173.20819297
90.21500,173.21778798
90.22000,173.22738232
90.22500,173.23698177
90.23000,173.24658122
90.23500,173.25618482
90.24000,173.26578803
90.24500,173.27539277
90.25000,173.28499333
90.25500,173.29459293
90.26000,173.30418757
90.26500,173.31377851
90.27000,173.32336752
90.27500,173.33296270
90.28000,173.34255949
90.28500,173.35215824
90.29000,173.36175646
90.29500,173.37135970
90.30000,173.38096718
90.30500,173.39057899
90.31000,173.40019398
90.31500,173.40981383
90.32000,173.41943589
90.32500,173.42905252
90.33000,173.43866341
90.33500,173.44827063
90.34000,173.45787531
90.34500,173.46747126
90.35000,173.47705538
90.35500,173.48662854
90.36000,173.49619071
90.36500,173.50573777
90.37000,173.51527079
90.37500,173.52479299
90.38000,173.53430960
90.38500,173.54381774
90.39000,173.55331518
90.39500,173.56280348
90.40000,173.57227902
90.40500,173.58173896
90.41000,173.59117636
90.41500,173.60059620
90.42000,173.60999516
90.42500,173.61937230
90.43000,173.62872227
90.43500,173.63804934
90.44000,173.64735034
90.44500,173.65662818
90.45000,173.66588231
90.45500,173.67512526
90.46000,173.68436304
90.46500,173.69360137
90.47000,173.70283749
90.47500,173.71208160
90.48000,173.72133835
90.48500,173.73061344
90.49000,173.73989834
90.49500,173.74919908
90.50000,173.75851421
90.50500,173.76783944
90.51000,173.77717460
90.51500,173.78652158
90.52000,173.79587612
90.52500,173.80523556
90.53000,173.81459550
90.53500,173.82396118
90.54000,173.83332722
90.54500,173.84269238
90.55000,173.85204838
90.55500,173.86139644
90.56000,173.87073507
90.56500,173.88006344
90.57000,173.88938468
90.57500,173.89870102
90.58000,173.90801578
90.58500,173.91732855
90.59000,173.92664223
90.59500,173.93595314
90.60000,173.94526503
90.60500,173.95457385
90.61000,173.96388421
90.61500,173.97319358
90.62000,173.98250207
90.62500,173.99180618
90.63000,174.00110616
90.63500,174.01040475
90.64000,174.01970328
90.64500,174.02900839
90.65000,174.03832160
90.65500,174.04764786
90.66000,174.05698205
90.66500,174.06632752
90.67000,174.07568020
90.67500,174.08504489
90.68000,174.09441859
90.68500,174.10380484
90.69000,174.11320011
90.69500,174.12260819
90.70000,174.13202805
90.70500,174.14146251
90.71000,174.15091128
90.71500,174.16037954
90.72000,174.16986196
90.72500,174.17936052
90.73000,174.18887241
90.73500,174.19840456
90.74000,174.20795263
90.74500,174.21751569
90.75000,174.22709447
90.75500,174.23668896
90.76000,174.24629950
90.76500,174.25591538
90.77000,174.26554807
90.77500,174.27519085
90.78000,174.28485063
90.78500,174.29451215
90.79000,174.30418703
90.79500,174.31386564
90.80000,174.32355547
90.80500,174.33324267
90.81000,174.34293760
90.81500,174.35263996
90.82000,174.36235899
90.82500,174.37208717
90.83000,174.38182788
90.83500,174.39158235
90.84000,174.40135391
90.84500,174.41113549
90.85000,174.42093045
90.85500,174.43074118
90.86000,174.44057088
90.86500,174.45041294
90.87000,174.46026540
90.87500,174.47013299
90.88000,174.48001850
90.88500,174.48991547
90.89000,174.49981617
90.89500,174.50972407
90.90000,174.51964269
90.90500,174.52956386
90.91000,174.53948448
90.91500,174.54940256
90.92000,174.55932113
90.92500,174.56923259
90.93000,174.57913576
90.93500,174.58903232
90.94000,174.59892891
90.94500,174.60881945
90.95000,174.61869875
90.95500,174.62856147
90.96000,174.63840960
90.96500,174.64823661
90.97000,174.65803915
90.97500,174.66781807
90.98000,174.67757455
90.98500,174.68730925
90.99000,174.69701651
90.99500,174.70669756
91.00000,174.71635238
91.00500,174.72598119
91.01000,174.73558193
91.01500,174.74515579
91.02000,174.75470279
91.02500,174.76422077
91.03000,174.77370968
91.03500,174.78317454
91.04000,174.79262061
91.04500,174.80204915
91.05000,174.81146443
91.05500,174.82086930
91.06000,174.83026871
91.06500,174.83966199
91.07000,174.84905015
91.07500,174.85843375
91.08000,174.86781375
91.08500,174.87719492
91.09000,174.88657899
91.09500,174.89597139
91.10000,174.90537414
91.10500,174.91478369
91.11000,174.92419665
91.11500,174.93361316
91.12000,174.94303576
91.12500,174.95246018
91.13000,174.96188747
91.13500,174.97132001
91.14000,174.98075910
91.14500,174.99019413
91.15000,174.99961529
91.15500,175.00901843
91.16000,175.01840404
91.16500,175.02777245
91.17000,175.03711682
91.17500,175.04644565
91.18000,175.05576302
91.18500,175.06506914
91.19000,175.07435200
91.19500,175.08361422
91.20000,175.09285243
91.20500,175.10206595
91.21000,175.11124674
91.21500,175.12040132
91.22000,175.12953483
91.22500,175.13864952
91.23000,175.14773984
91.23500,175.15680835
91.24000,175.16586253
91.24500,175.17490235
91.25000,175.18392918
91.25500,175.19294146
91.26000,175.20194221
91.26500,175.21092416
91.27000,175.21988571
91.27500,175.22882561
91.28000,175.23774213
91.28500,175.24663508
91.29000,175.25549572
91.29500,175.26432789
91.30000,175.27312581
91.30500,175.28189908
91.31000,175.29064722
91.31500,175.29937986
91.32000,175.30809818
91.32500,175.31680589
91.33000,175.32550036
91.33500,175.33418071
91.34000,175.34284705
91.34500,175.35150179
91.35000,175.36014695
91.35500,175.36878471
91.36000,175.37742092
91.36500,175.38605861
91.37000,175.39470105
91.37500,175.40334707
91.38000,175.41199098
91.38500,175.42062912
91.39000,175.42925782
91.39500,175.43787627
91.40000,175.44648520
91.40500,175.45508983
91.41000,175.46369580
91.41500,175.47230138
91.42000,175.48090714
91.42500,175.48951377
91.43000,175.49812310
91.43500,175.50673216
91.44000,175.51534219
91.44500,175.52395225
91.45000,175.53256969
91.45500,175.54119293
91.46000,175.54982615
91.46500,175.55846884
91.47000,175.56713126
91.47500,175.57581505
91.48000,175.58451707
91.48500,175.59323759
91.49000,175.60197881
91.49500,175.61074031
91.50000,175.61951763
91.50500,175.62831011
91.51000,175.63711782
91.51500,175.64593440
91.52000,175.65475510
91.52500,175.66358140
91.53000,175.67241898
91.53500,175.68126887
91.54000,175.69012952
91.54500,175.69899697
91.55000,175.70787478
91.55500,175.71676174
91.56000,175.72565764
91.56500,175.73456145
91.57000,175.74347507
91.57500,175.75240077
91.58000,175.76133804
91.58500,175.77029117
91.59000,175.77925514
91.59500,175.78822950
91.60000,175.79720712
91.60500,175.80619454
91.61000,175.81518457
91.61500,175.82417795
91.62000,175.83316989
91.62500,175.84216205
91.63000,175.85115009
91.63500,175.86012878
91.64000,175.86909357
91.64500,175.87804156
91.65000,175.88697063
91.65500,175.89587635
91.66000,175.90476365
91.66500,175.91363291
91.67000,175.92248358
91.67500,175.93130983
91.68000,175.94011658
91.68500,175.94890182
91.69000,175.95767300
91.69500,175.96642601
91.70000,175.97517364
91.70500,175.98391694
91.71000,175.99266270
91.71500,176.00140224
91.72000,176.01013894
91.72500,176.01887799
91.73000,176.02762751
91.73500,176.03638721
91.74000,176.04516313
91.74500,176.05395694
91.75000,176.06276465
91.75500,176.07157848
91.76000,176.08039825
91.76500,176.08922521
91.77000,176.09805937
91.77500,176.10689768
91.78000,176.11574315
91.78500,176.12460165
91.79000,176.13347054
91.79500,176.14234363
91.80000,176.15121453
91.80500,176.16008454
91.81000,176.16895011
91.81500,176.17780767
91.82000,176.18665642
91.82500,176.19550411
91.83000,176.20435268
91.83500,176.21319983
91.84000,176.22204412
91.84500,176.23088619
91.85000,176.23973009
91.85500,176.24857175
91.86000,176.25741397
91.86500,176.26626294
91.87000,176.27511979
91.87500,176.28398742
91.88000,176.29286726
91.88500,176.30176654
91.89000,176.31069176
91.89500,176.31963979
91.90000,176.32861281
91.90500,176.33760585
91.91000,176.34662076
91.91500,176.35564276
91.92000,176.36467455
91.92500,176.37371115
91.93000,176.38276145
91.93500,176.39181593
91.94000,176.40087771
91.94500,176.40994675
91.95000,176.41902779
91.95500,176.42811577
91.96000,176.43720539
91.96500,176.44629703
91.97000,176.45538717
91.97500,176.46447957
91.98000,176.47357144
91.98500,176.48266960
91.99000,176.49177636
91.99500,176.50089952
92.00000,176.51004077
92.00500,176.51920233
92.01000,176.52838371
92.01500,176.53758153
92.02000,176.54679911
92.02500,176.55603414
92.03000,176.56528452
92.03500,176.57454812
92.04000,176.58382201
92.04500,176.59310818
92.05000,176.60240342
92.05500,176.61171097
92.06000,176.62102398
92.06500,176.63034118
92.07000,176.63965335
92.07500,176.64895591
92.08000,176.65824602
92.08500,176.66751858
92.09000,176.67677806
92.09500,176.68601675
92.10000,176.69524281
92.10500,176.70444913
92.11000,176.71364038
92.11500,176.72280730
92.12000,176.73195764
92.12500,176.74108924
92.13000,176.75020797
92.13500,176.75931397
92.14000,176.76841063
92.14500,176.77750172
92.15000,176.78659410
92.15500,176.79569018
92.16000,176.80478873
92.16500,176.81388891
92.17000,176.82299508
92.17500,176.83210498
92.18000,176.84122061
92.18500,176.85033415
92.19000,176.85944808
92.19500,176.86855880
92.20000,176.87766498
92.20500,176.88676456
92.21000,176.89585803
92.21500,176.90494249
92.22000,176.91401332
92.22500,176.92306792
92.23000,176.93209717
92.23500,176.94110207
92.24000,176.95008044
92.24500,176.95903806
92.25000,176.96797412
92.25500,176.97689563
92.26000,176.98580589
92.26500,176.99470837
92.27000,177.00360794
92.27500,177.01250780
92.28000,177.02141318
92.28500,177.03032309
92.29000,177.03923537
92.29500,177.04814698
92.30000,177.05706350
92.30500,177.06598335
92.31000,177.07490190
92.31500,177.08381663
92.32000,177.09273137
92.32500,177.10164590
92.33000,177.11055625
92.33500,177.11946509
92.34000,177.12837407
92.34500,177.13728571
92.35000,177.14619937
92.35500,177.15511538
92.36000,177.16403725
92.36500,177.17297058
92.37000,177.18191604
92.37500,177.19087020
92.38000,177.19983819
92.38500,177.20882492
92.39000,177.21783167
92.39500,177.22685454
92.40000,177.23589432
92.40500,177.24495044
92.41000,177.25401726
92.41500,177.26308834
92.42000,177.27215868
92.42500,177.28123224
92.43000,177.29030376
92.43500,177.29936615
92.44000,177.30841220
92.44500,177.31743926
92.45000,177.32644363
92.45500,177.33541731
92.46000,177.34436428
92.46500,177.35328994
92.47000,177.36220114
92.47500,177.37109136
92.48000,177.37996455
92.48500,177.38882713
92.49000,177.39768420
92.49500,177.40653685
92.50000,177.41538861
92.50500,177.42424856
92.51000,177.43312156
92.51500,177.44201138
92.52000,177.45091879
92.52500,177.45984945
92.53000,177.46879900
92.53500,177.47776283
92.54000,177.48674005
92.54500,177.49573080
92.55000,177.50473034
92.55500,177.51372571
92.56000,177.52271457
92.56500,177.53169457
92.57000,177.54066488
92.57500,177.54961823
92.58000,177.55855236
92.58500,177.56746766
92.59000,177.57637284
92.59500,177.58526155
92.60000,177.59413763
92.60500,177.60299683
92.61000,177.61185435
92.61500,177.62070301
92.62000,177.62955162
92.62500,177.63839382
92.63000,177.64724397
92.63500,177.65609906
92.64000,177.66496903
92.64500,177.67385090
92.65000,177.68274475
92.65500,177.69165366
92.66000,177.70057263
92.66500,177.70950390
92.67000,177.71843882
92.67500,177.72738153
92.68000,177.73632301
92.68500,177.74526424
92.69000,177.75420008
92.69500,177.76313341
92.70000,177.77205865
92.70500,177.78097970
92.71000,177.78988655
92.71500,177.79878117
92.72000,177.80765118
92.72500,177.81650128
92.73000,177.82533514
92.73500,177.83416094
92.74000,177.84298477
92.74500,177.85181118
92.75000,177.86064481
92.75500,177.86948294
92.76000,177.87832300
92.76500,177.88716308
92.77000,177.89600599
92.77500,177.90484608
92.78000,177.91368547
92.78500,177.92252533
92.79000,177.93136895
92.79500,177.94021660
92.80000,177.94907037
92.80500,177.95793025
92.81000,177.96679825
92.81500,177.97566484
92.82000,177.98452347
92.82500,177.99336492
92.83000,178.00219201
92.83500,178.01100157
92.84000,178.01979202
92.84500,178.02855666
92.85000,178.03729382
92.85500,178.04600777
92.86000,178.05469410
92.86500,178.06334951
92.87000,178.07196522
92.87500,178.08054892
92.88000,178.08909557
92.88500,178.09760978
92.89000,178.10609033
92.89500,178.11454794
92.90000,178.12298798
92.90500,178.13141744
92.91000,178.13984006
92.91500,178.14826261
92.92000,178.15668637
92.92500,178.16511025
92.93000,178.17354045
92.93500,178.18198029
92.94000,178.19043584
92.94500,178.19890912
92.95000,178.20739901
92.95500,178.21590603
92.96000,178.22442358
92.96500,178.23295294
92.97000,178.24148298
92.97500,178.25001690
92.98000,178.25855664
92.98500,178.26710436
92.99000,178.27565943
92.99500,178.28421824
93.00000,178.29278051
93.00500,178.30134347
93.01000,178.30990094
93.01500,178.31844236
93.02000,178.32696652
93.02500,178.33547336
93.03000,178.34396641
93.03500,178.35244437
93.04000,178.36091503
93.04500,178.36937869
93.05000,178.37784421
93.05500,178.38630724
93.06000,178.39477880
93.06500,178.40325595
93.07000,178.41174524
93.07500,178.42023962
93.08000,178.42874752
93.08500,178.43727306
93.09000,178.44581624
93.09500,178.45437190
93.10000,178.46294027
93.10500,178.47153242
93.11000,178.48014489
93.11500,178.48878209
93.12000,178.49743911
93.12500,178.50612706
93.13000,178.51484505
93.13500,178.52358943
93.14000,178.53235323
93.14500,178.54114044
93.15000,178.54995295
93.15500,178.55878762
93.16000,178.56763990
93.16500,178.57651219
93.17000,178.58540413
93.17500,178.59430846
93.18000,178.60321857
93.18500,178.61214196
93.19000,178.62108262
93.19500,178.63004159
93.20000,178.63901306
93.20500,178.64800639
93.21000,178.65702492
93.21500,178.66606432
93.22000,178.67512161
93.22500,178.68420334
93.23000,178.69331823
93.23500,178.70245393
93.24000,178.71160892
93.24500,178.72078445
93.25000,178.72999384
93.25500,178.73922559
93.26000,178.74847118
93.26500,178.75773039
93.27000,178.76700722
93.27500,178.77629364
93.28000,178.78557157
93.28500,178.79484858
93.29000,178.80413241
93.29500,178.81342835
93.30000,178.82272043
93.30500,178.83201505
93.31000,178.84131445
93.31500,178.85062196
93.32000,178.85992164
93.32500,178.86922218
93.33000,178.87852670
93.33500,178.88784280
93.34000,178.89715403
93.34500,178.90646816
93.35000,178.91579022
93.35500,178.92512853
93.36000,178.93447286
93.36500,178.94381883
93.37000,178.95317553
93.37500,178.96253727
93.38000,178.97190266
93.38500,178.98126227
93.39000,178.99062696
93.39500,178.99998867
93.40000,179.00934933
93.40500,179.01870294
93.41000,179.02805886
93.41500,179.03741821
93.42000,179.04677825
93.42500,179.05613635
93.43000,179.06549400
93.43500,179.07485886
93.44000,179.08422915
93.44500,179.09361154
93.45000,179.10300888
93.45500,179.11243027
93.46000,179.12187184
93.46500,179.13133418
93.47000,179.14081242
93.47500,179.15031010
93.48000,179.15981970
93.48500,179.16934231
93.49000,179.17887549
93.49500,179.18841667
93.50000,179.19796228
93.50500,179.20750846
93.51000,179.21705147
93.51500,179.22659540
93.52000,179.23614259
93.52500,179.24569606
93.53000,179.25525638
93.53500,179.26482291
93.54000,179.27439601
93.54500,179.28397062
93.55000,179.29355243
93.55500,179.30313390
93.56000,179.31271782
93.56500,179.32229235
93.57000,179.33187017
93.57500,179.34144571
93.58000,179.35103524
93.58500,179.36063819
93.59000,179.37025973
93.59500,179.37989331
93.60000,179.38954206
93.60500,179.39921455
93.61000,179.40891515
93.61500,179.41864432
93.62000,179.42840608
93.62500,179.43820388
93.63000,179.44803696
93.63500,179.45789962
93.64000,179.46779372
93.64500,179.47772533
93.65000,179.48769638
93.65500,179.49770453
93.66000,179.50774229
93.66500,179.51780462
93.67000,179.52788385
93.67500,179.53797785
93.68000,179.54808512
93.68500,179.55820716
93.69000,179.56833905
93.69500,179.57847750
93.70000,179.58862425
93.70500,179.59878102
93.71000,179.60894690
93.71500,179.61911156
93.72000,179.62927896
93.72500,179.63944469
93.73000,179.64962212
93.73500,179.65980889
93.74000,179.67001901
93.74500,179.68024288
93.75000,179.69048120
93.75500,179.70071857
93.76000,179.71095525
93.76500,179.72117928
93.77000,179.73139413
93.77500,179.74159263
93.78000,179.75178069
93.78500,179.76195789
93.79000,179.77212914
93.79500,179.78229255
93.80000,179.79244865
93.80500,179.80260123
93.81000,179.81275730
93.81500,179.82292262
93.82000,179.83309362
93.82500,179.84326796
93.83000,179.85344116
93.83500,179.86360361
93.84000,179.87374957
93.84500,179.88387328
93.85000,179.89396869
93.85500,179.90402751
93.86000,179.91405784
93.86500,179.92405628
93.87000,179.93402896
93.87500,179.94396531
93.88000,179.95386630
93.88500,179.96373333
93.89000,179.97357244
93.89500,179.98338235
93.90000,179.99316865
93.90500,180.00294045
93.91000,180.01270234
93.91500,180.02245652
93.92000,180.03220259
93.92500,180.04195312
93.93000,180.05170721
93.93500,180.06147255
93.94000,180.07125030
93.94500,180.08105359
93.95000,180.09087164
93.95500,180.10070352
93.96000,180.11055030
93.96500,180.12042053
93.97000,180.13031757
93.97500,180.14023629
93.98000,180.15018346
93.98500,180.16015909
93.99000,180.17016129
93.99500,180.18017896
94.00000,180.19021280
94.00500,180.20026061
94.01000,180.21032111
94.01500,180.22038945
94.02000,180.23046340
94.02500,180.24054654
94.03000,180.25063957
94.03500,180.26074159
94.04000,180.27084514
94.04500,180.28094242
94.05000,180.29102462
94.05500,180.30108624
94.06000,180.31112003
94.06500,180.32111779
94.07000,180.33107683
94.07500,180.34100158
94.08000,180.35089728
94.08500,180.36077158
94.09000,180.37063650
94.09500,180.38050752
94.10000,180.39039280
94.10500,180.40029890
94.11000,180.41022530
94.11500,180.42018223
94.12000,180.43016452
94.12500,180.44018303
94.13000,180.45023537
94.13500,180.46033827
94.14000,180.47048575
94.14500,180.48067882
94.15000,180.49090714
94.15500,180.50117155
94.16000,180.51146563
94.16500,180.52177475
94.17000,180.53210664
94.17500,180.54245973
94.18000,180.55283966
94.18500,180.56322384
94.19000,180.57362362
94.19500,180.58403294
94.20000,180.59445660
94.20500,180.60488246
94.21000,180.61531721
94.21500,180.62576674
94.22000,180.63623455
94.22500,180.64671678
94.23000,180.65721318
94.23500,180.66773498
94.24000,180.67828362
94.24500,180.68886295
94.25000,180.69947504
94.25500,180.71012660
94.26000,180.72081705
94.26500,180.73154995
94.27000,180.74232545
94.27500,180.75313939
94.28000,180.76398048
94.28500,180.77483445
94.29000,180.78569245
94.29500,180.79654700
94.30000,180.80740042
94.30500,180.81824535
94.31000,180.82908272
94.31500,180.83990775
94.32000,180.85073029
94.32500,180.86154814
94.33000,180.87236527
94.33500,180.88317861
94.34000,180.89399459
94.34500,180.90480971
94.35000,180.91562485
94.35500,180.92643455
94.36000,180.93724283
94.36500,180.94804419
94.37000,180.95884198
94.37500,180.96964294
94.38000,180.98045586
94.38500,180.99127838
94.39000,181.00211514
94.39500,181.01297208
94.40000,181.02385997
94.40500,181.03477903
94.41000,181.04573242
94.41500,181.05672230
94.42000,181.06775022
94.42500,181.07880510
94.43000,181.08987376
94.43500,181.10096219
94.44000,181.11207719
94.44500,181.12322354
94.45000,181.13439913
94.45500,181.14561155
94.46000,181.15685882
94.46500,181.16812592
94.47000,181.17940358
94.47500,181.19068271
94.48000,181.20196509
94.48500,181.21323956
94.49000,181.22450521
94.49500,181.23575867
94.50000,181.24700212
94.50500,181.25824286
94.51000,181.26947326
94.51500,181.28069517
94.52000,181.29189666
94.52500,181.30308648
94.53000,181.31425673
94.53500,181.32541459
94.54000,181.33655113
94.54500,181.34767059
94.55000,181.35877812
94.55500,181.36987818
94.56000,181.38096896
94.56500,181.39205556
94.57000,181.40314670
94.57500,181.41424615
94.58000,181.42534106
94.58500,181.43644018
94.59000,181.44753947
94.59500,181.45864289
94.60000,181.46973143
94.60500,181.48080652
94.61000,181.49185922
94.61500,181.50289062
94.62000,181.51388458
94.62500,181.52484524
94.63000,181.53578016
94.63500,181.54669214
94.64000,181.55757806
94.64500,181.56844036
94.65000,181.57929159
94.65500,181.59012268
94.66000,181.60092779
94.66500,181.61171034
94.67000,181.62247657
94.67500,181.63322873
94.68000,181.64396017
94.68500,181.65467745
94.69000,181.66537981
94.69500,181.67607237
94.70000,181.68674604
94.70500,181.69740033
94.71000,181.70803463
94.71500,181.71864849
94.72000,181.72923274
94.72500,181.73978608
94.73000,181.75030748
94.73500,181.76079275
94.74000,181.77123707
94.74500,181.78165018
94.75000,181.79203886
94.75500,181.80241449
94.76000,181.81277596
94.76500,181.82314432
94.77000,181.83352130
94.77500,181.84392461
94.78000,181.85434689
94.78500,181.86480244
94.79000,181.87529114
94.79500,181.88581724
94.80000,181.89638274
94.80500,181.90699371
94.81000,181.91765680
94.81500,181.92837012
94.82000,181.93913385
94.82500,181.94994042
94.83000,181.96077872
94.83500,181.97163726
94.84000,181.98250603
94.84500,181.99337568
94.85000,182.00423692
94.85500,182.01509771
94.86000,182.02595451
94.86500,182.03680937
94.87000,182.04764954
94.87500,182.05847090
94.88000,182.06927311
94.88500,182.08005090
94.89000,182.09080294
94.89500,182.10152601
94.90000,182.11223758
94.90500,182.12293506
94.91000,182.13362335
94.91500,182.14429673
94.92000,182.15496328
94.92500,182.16561399
94.93000,182.17624016
94.93500,182.18683439
94.94000,182.19740097
94.94500,182.20794633
94.95000,182.21845817
94.95500,182.22893765
94.96000,182.23937758
94.96500,182.24978308
94.97000,182.26013756
94.97500,182.27044577
94.98000,182.28071544
94.98500,182.29095519
94.99000,182.30116286
94.99500,182.31133110
95.00000,182.32146456
95.00500,182.33157177
95.01000,182.34165371
95.01500,182.35170515
95.02000,182.36173360
95.02500,182.37175060
95.03000,182.38175306
95.03500,182.39174189
95.04000,182.40171627
95.04500,182.41168223
95.05000,182.42164049
95.05500,182.43159146
95.06000,182.44154275
95.06500,182.45150138
95.07000,182.46147213
95.07500,182.47145091
95.08000,182.48143680
95.08500,182.49143293
95.09000,182.50143266
95.09500,182.51143656
95.10000,182.52143145
95.10500,182.53143267
95.11000,182.54142222
95.11500,182.55140522
95.12000,182.56135469
95.12500,182.57129610
95.13000,182.58121796
95.13500,182.59112298
95.14000,182.60099235
95.14500,182.61085077
95.15000,182.62070340
95.15500,182.63054788
95.16000,182.64037021
95.16500,182.65016847
95.17000,182.65995611
95.17500,182.66973001
95.18000,182.67948874
95.18500,182.68923545
95.19000,182.69898332
95.19500,182.70873360
95.20000,182.71847980
95.20500,182.72822721
95.21000,182.73798400
95.21500,182.74774903
95.22000,182.75752200
95.22500,182.76729899
95.23000,182.77709137
95.23500,182.78688648
95.24000,182.79668084
95.24500,182.80646528
95.25000,182.81625843
95.25500,182.82606158
95.26000,182.83588152
95.26500,182.84570903
95.27000,182.85555201
95.27500,182.86540881
95.28000,182.87528102
95.28500,182.88516835
95.29000,182.89506841
95.29500,182.90497888
95.30000,182.91488781
95.30500,182.92479269
95.31000,182.93468910
95.31500,182.94457462
95.32000,182.95444254
95.32500,182.96428170
95.33000,182.97409480
95.33500,182.98388007
95.34000,182.99363379
95.34500,183.00334396
95.35000,183.01301060
95.35500,183.02262857
95.36000,183.03219695
95.36500,183.04171419
95.37000,183.05119216
95.37500,183.06064004
95.38000,183.07006457
95.38500,183.07947357
95.39000,183.08887095
95.39500,183.09827197
95.40000,183.10767891
95.40500,183.11710606
95.41000,183.12654832
95.41500,183.13602540
95.42000,183.14553445
95.42500,183.15508643
95.43000,183.16467574
95.43500,183.17432137
95.44000,183.18402370
95.44500,183.19379177
95.45000,183.20361701
95.45500,183.21349842
95.46000,183.22341975
95.46500,183.23337604
95.47000,183.24334711
95.47500,183.25332799
95.48000,183.26331457
95.48500,183.27331850
95.49000,183.28333282
95.49500,183.29335554
95.50000,183.30338688
95.50500,183.31343927
95.51000,183.32350004
95.51500,183.33357048
95.52000,183.34364990
95.52500,183.35374507
95.53000,183.36385090
95.53500,183.37396467
95.54000,183.38409629
95.54500,183.39425207
95.55000,183.40443026
95.55500,183.41462394
95.56000,183.42483490
95.56500,183.43505707
95.57000,183.44528342
95.57500,183.45549376
95.58000,183.46568247
95.58500,183.47584546
95.59000,183.48597179
95.59500,183.49605258
95.60000,183.50608406
95.60500,183.51606860
95.61000,183.52599595
95.61500,183.53586611
95.62000,183.54567737
95.62500,183.55544570
95.63000,183.56516677
95.63500,183.57484390
95.64000,183.58447418
95.64500,183.59407714
95.65000,183.60365188
95.65500,183.61321194
95.66000,183.62276297
95.66500,183.63231254
95.67000,183.64186616
95.67500,183.65141331
95.68000,183.66095833
95.68500,183.67048917
95.69000,183.68002434
95.69500,183.68955440
95.70000,183.69909795
95.70500,183.70865052
95.71000,183.71822341
95.71500,183.72780683
95.72000,183.73740907
95.72500,183.74704278
95.73000,183.75671137
95.73500,183.76642353
95.74000,183.77617357
95.74500,183.78597735
95.75000,183.79582040
95.75500,183.80569956
95.76000,183.81560961
95.76500,183.82555854
95.77000,183.83554385
95.77500,183.84555180
95.78000,183.85560093
95.78500,183.86569032
95.79000,183.87582181
95.79500,183.88596540
95.80000,183.89613340
95.80500,183.90632452
95.81000,183.91653684
95.81500,183.92675538
95.82000,183.93698256
95.82500,183.94723359
95.83000,183.95750778
95.83500,183.96779619
95.84000,183.97810303
95.84500,183.98844024
95.85000,183.99880508
95.85500,184.00919104
95.86000,184.01959772
95.86500,184.03004023
95.87000,184.04052238
95.87500,184.05103894
95.88000,184.06158122
95.88500,184.07215011
95.89000,184.08273643
95.89500,184.09334207
95.90000,184.10395685
95.90500,184.11458036
95.91000,184.12519528
95.91500,184.13578777
95.92000,184.14635456
95.92500,184.15689604
95.93000,184.16741950
95.93500,184.17792358
95.94000,184.18842225
95.94500,184.19891749
95.95000,184.20940838
95.95500,184.21988852
95.96000,184.23034806
95.96500,184.24078600
95.97000,184.25119954
95.97500,184.26160311
95.98000,184.27198915
95.98500,184.28236374
95.99000,184.29272618
95.99500,184.30308134
96.00000,184.31342429
96.00500,184.32374807
96.01000,184.33405851
96.01500,184.34435896
96.02000,184.35465709
96.02500,184.36494928
96.03000,184.37523834
96.03500,184.38554293
96.04000,184.39586583
96.04500,184.40621063
96.05000,184.41655983
96.05500,184.42691606
96.06000,184.43727067
96.06500,184.44763041
96.07000,184.45798182
96.07500,184.46832744
96.08000,184.47866465
96.08500,184.48900241
96.09000,184.49933197
96.09500,184.50965509
96.10000,184.51997155
96.10500,184.53028953
96.11000,184.54060562
96.11500,184.55091443
96.12000,184.56121062
96.12500,184.57150113
96.13000,184.58178848
96.13500,184.59206228
96.14000,184.60231193
96.14500,184.61254390
96.15000,184.62276104
96.15500,184.63296022
96.16000,184.64313729
96.16500,184.65331090
96.17000,184.66348325
96.17500,184.67365390
96.18000,184.68382181
96.18500,184.69399122
96.19000,184.70416101
96.19500,184.71433540
96.20000,184.72450342
96.20500,184.73467810
96.21000,184.74485780
96.21500,184.75504921
96.22000,184.76523633
96.22500,184.77542985
96.23000,184.78563109
96.23500,184.79584749
96.24000,184.80607835
96.24500,184.81633159
96.25000,184.82661364
96.25500,184.83691171
96.26000,184.84722482
96.26500,184.85753737
96.27000,184.86786551
96.27500,184.87820355
96.28000,184.88856348
96.28500,184.89893843
96.29000,184.90934087
96.29500,184.91976559
96.30000,184.93021630
96.30500,184.94068512
96.31000,184.95116909
96.31500,184.96167680
96.32000,184.97220321
96.32500,184.98276356
96.33000,184.99335278
96.33500,185.00399025
96.34000,185.01466506
96.34500,185.02538826
96.35000,185.03615675
96.35500,185.04697148
96.36000,185.05781823
96.36500,185.06869746
96.37000,185.07961166
96.37500,185.09055706
96.38000,185.10152156
96.38500,185.11248692
96.39000,185.12344489
96.39500,185.13439129
96.40000,185.14532332
96.40500,185.15622915
96.41000,185.16711422
96.41500,185.17798279
96.42000,185.18884000
96.42500,185.19967742
96.43000,185.21050133
96.43500,185.22132032
96.44000,185.23214555
96.44500,185.24297826
96.45000,185.25382098
96.45500,185.26468796
96.46000,185.27557555
96.46500,185.28648326
96.47000,185.29740396
96.47500,185.30835509
96.48000,185.31933758
96.48500,185.33035338
96.49000,185.34139414
96.49500,185.35247800
96.50000,185.36360684
96.50500,185.37478229
96.51000,185.38599257
96.51500,185.39725760
96.52000,185.40857430
96.52500,185.41995929
96.53000,185.43140098
96.53500,185.44291376
96.54000,185.45447657
96.54500,185.46609593
96.55000,185.47775116
96.55500,185.48945383
96.56000,185.50119854
96.56500,185.51299504
96.57000,185.52483537
96.57500,185.53673513
96.58000,185.54869266
96.58500,185.56070523
96.59000,185.57276590
96.59500,185.58489364
96.60000,185.59708673
96.60500,185.60933776
96.61000,185.62164675
96.61500,185.63402633
96.62000,185.64647793
96.62500,185.65897992
96.63000,185.67153063
96.63500,185.68411553
96.64000,185.69672875
96.64500,185.70933814
96.65000,185.72194212
96.65500,185.73454608
96.66000,185.74716626
96.66500,185.75979308
96.67000,185.77242108
96.67500,185.78506450
96.68000,185.79773920
96.68500,185.81044007
96.69000,185.82317412
96.69500,185.83595262
96.70000,185.84879193
96.70500,185.86166318
96.71000,185.87456937
96.71500,185.88750021
96.72000,185.90047337
96.72500,185.91346707
96.73000,185.92649413
96.73500,185.93954195
96.74000,185.95262386
96.74500,185.96570420
96.75000,185.97878480
96.75500,185.99184514
96.76000,186.00490447
96.76500,186.01793776
96.77000,186.03095798
96.77500,186.04395394
96.78000,186.05694355
96.78500,186.06992110
96.79000,186.08289860
96.79500,186.09588032
96.80000,186.10886405
96.80500,186.12184241
96.81000,186.13480856
96.81500,186.14777918
96.82000,186.16076358
96.82500,186.17378009
96.83000,186.18683729
96.83500,186.19994783
96.84000,186.21310233
96.84500,186.22629703
96.85000,186.23952833
96.85500,186.25277867
96.86000,186.26602435
96.86500,186.27926068
96.87000,186.29250353
96.87500,186.30574206
96.88000,186.31896937
96.88500,186.33219028
96.89000,186.34542281
96.89500,186.35867238
96.90000,186.37191416
96.90500,186.38514675
96.91000,186.39837131
96.91500,186.41159366
96.92000,186.42479167
96.92500,186.43795763
96.93000,186.45111830
96.93500,186.46427247
96.94000,186.47742569
96.94500,186.49054838
96.95000,186.50366537
96.95500,186.51675242
96.96000,186.52981141
96.96500,186.54283033
96.97000,186.55581547
96.97500,186.56876261
96.98000,186.58167318
96.98500,186.59455164
96.99000,186.60742486
96.99500,186.62029857
97.00000,186.63317954
97.00500,186.64605298
97.01000,186.65892596
97.01500,186.67177418
97.02000,186.68460427
97.02500,186.69740062
97.03000,186.71018746
97.03500,186.72295161
97.04000,186.73571292
97.04500,186.74846896
97.05000,186.76125083
97.05500,186.77404671
97.06000,186.78685570
97.06500,186.79966695
97.07000,186.81248065
97.07500,186.82528457
97.08000,186.83807971
97.08500,186.85087348
97.09000,186.86367697
97.09500,186.87647935
97.10000,186.88927230
97.10500,186.90204745
97.11000,186.91481821
97.11500,186.92757393
97.12000,186.94030840
97.12500,186.95302262
97.13000,186.96573371
97.13500,186.97843098
97.14000,186.99110678
97.14500,187.00378335
97.15000,187.01647868
97.15500,187.02919014
97.16000,187.04190456
97.16500,187.05463344
97.17000,187.06738180
97.17500,187.08013374
97.18000,187.09288247
97.18500,187.10563060
97.19000,187.11839008
97.19500,187.13116249
97.20000,187.14394860
97.20500,187.15674416
97.21000,187.16956019
97.21500,187.18240007
97.22000,187.19526731
97.22500,187.20816486
97.23000,187.22109821
97.23500,187.23406263
97.24000,187.24703962
97.24500,187.26001718
97.25000,187.27300766
97.25500,187.28601077
97.26000,187.29902200
97.26500,187.31205766
97.27000,187.32513208
97.27500,187.33825875
97.28000,187.35141159
97.28500,187.36460250
97.29000,187.37781485
97.29500,187.39104245
97.30000,187.40423951
97.30500,187.41742243
97.31000,187.43058237
97.31500,187.44372699
97.32000,187.45683902
97.32500,187.46993592
97.33000,187.48302098
97.33500,187.49610186
97.34000,187.50915808
97.34500,187.52218534
97.35000,187.53517138
97.35500,187.54812114
97.36000,187.56100821
97.36500,187.57384459
97.37000,187.58663454
97.37500,187.59938117
97.38000,187.61206481
97.38500,187.62468673
97.39000,187.63725954
97.39500,187.64979199
97.40000,187.66227753
97.40500,187.67470644
97.41000,187.68709250
97.41500,187.69944349
97.42000,187.71174523
97.42500,187.72398736
97.43000,187.73617198
97.43500,187.74831081
97.44000,187.76038325
97.44500,187.77238364
97.45000,187.78431601
97.45500,187.79618858
97.46000,187.80799367
97.46500,187.81971851
97.47000,187.83137694
97.47500,187.84296660
97.48000,187.85448147
97.48500,187.86590934
97.49000,187.87727943
97.49500,187.88859274
97.50000,187.89984385
97.50500,187.91101106
97.51000,187.92212131
97.51500,187.93319362
97.52000,187.94421905
97.52500,187.95518455
97.53000,187.96609156
97.53500,187.97695546
97.54000,187.98778145
97.54500,187.99854849
97.55000,188.00926496
97.55500,188.01992498
97.56000,188.03053275
97.56500,188.04105584
97.57000,188.05149753
97.57500,188.06183477
97.58000,188.07207288
97.58500,188.08219553
97.59000,188.09222663
97.59500,188.10217541
97.60000,188.11206133
97.60500,188.12188156
97.61000,188.13164777
97.61500,188.14136895
97.62000,188.15105297
97.62500,188.16071497
97.63000,188.17035032
97.63500,188.17996400
97.64000,188.18955845
97.64500,188.19916910
97.65000,188.20881868
97.65500,188.21850927
97.66000,188.22825469
97.66500,188.23807229
97.67000,188.24797127
97.67500,188.25791643
97.68000,188.26789137
97.68500,188.27788308
97.69000,188.28789525
97.69500,188.29790901
97.70000,188.30790703
97.70500,188.31790638
97.71000,188.32788575
97.71500,188.33783940
97.72000,188.34774041
97.72500,188.35762405
97.73000,188.36749003
97.73500,188.37735324
97.74000,188.38721486
97.74500,188.39711580
97.75000,188.40706131
97.75500,188.41705996
97.76000,188.42709301
97.76500,188.43715996
97.77000,188.44726039
97.77500,188.45739429
97.78000,188.46757056
97.78500,188.47779731
97.79000,188.48811132
97.79500,188.49850335
97.80000,188.50897203
97.80500,188.51949841
97.81000,188.53010776
97.81500,188.54079730
97.82000,188.55156665
97.82500,188.56242344
97.83000,188.57336578
97.83500,188.58440355
97.84000,188.59551940
97.84500,188.60669625
97.85000,188.61790913
97.85500,188.62916128
97.86000,188.64045305
97.86500,188.65178558
97.87000,188.66315538
97.87500,188.67455161
97.88000,188.68595524
97.88500,188.69736565
97.89000,188.70878162
97.89500,188.72019973
97.90000,188.73161978
97.90500,188.74301860
97.91000,188.75438289
97.91500,188.76571822
97.92000,188.77702080
97.92500,188.78829503
97.93000,188.79952616
97.93500,188.81073479
97.94000,188.82190069
97.94500,188.83302178
97.95000,188.84407261
97.95500,188.85506082
97.96000,188.86596845
97.96500,188.87678858
97.97000,188.88751057
97.97500,188.89813411
97.98000,188.90865815
97.98500,188.91908310
97.99000,188.92942045
97.99500,188.93966364
98.00000,188.94982675
98.00500,188.95989507
98.01000,188.96990540
98.01500,188.97984748
98.02000,188.98974347
98.02500,188.99955163
98.03000,189.00926051
98.03500,189.01882586
98.04000,189.02825048
98.04500,189.03753013
98.05000,189.04667405
98.05500,189.05569306
98.06000,189.06458530
98.06500,189.07336541
98.07000,189.08201524
98.07500,189.09054249
98.08000,189.09893905
98.08500,189.10720672
98.09000,189.11534746
98.09500,189.12339086
98.10000,189.13135757
98.10500,189.13923810
98.11000,189.14704993
98.11500,189.15483093
98.12000,189.16262123
98.12500,189.17040908
98.13000,189.17820717
98.13500,189.18604330
98.14000,189.19393850
98.14500,189.20185454
98.15000,189.20977985
98.15500,189.21772096
98.16000,189.22569764
98.16500,189.23367818
98.17000,189.24165023
98.17500,189.24959778
98.18000,189.25755322
98.18500,189.26547837
98.19000,189.27336203
98.19500,189.28118426
98.20000,189.28899356
98.20500,189.29678396
98.21000,189.30456874
98.21500,189.31232511
98.22000,189.32008115
98.22500,189.32781255
98.23000,189.33549975
98.23500,189.34311441
98.24000,189.35065737
98.24500,189.35811929
98.25000,189.36549148
98.25500,189.37281065
98.26000,189.38010047
98.26500,189.38738756
98.27000,189.39462569
98.27500,189.40181078
98.28000,189.40890008
98.28500,189.41591910
98.29000,189.42284557
98.29500,189.42971412
98.30000,189.43650755
98.30500,189.44325335
98.31000,189.44993129
98.31500,189.45657431
98.32000,189.46315974
98.32500,189.46970952
98.33000,189.47618919
98.33500,189.48260700
98.34000,189.48893603
98.34500,189.49521647
98.35000,189.50144933
98.35500,189.50765027
98.36000,189.51382034
98.36500,189.51997947
98.37000,189.52613702
98.37500,189.53226984
98.38000,189.53838663
98.38500,189.54447876
98.39000,189.55057010
98.39500,189.55664819
98.40000,189.56272058
98.40500,189.56879652
98.41000,189.57485986
98.41500,189.58094320
98.42000,189.58699422
98.42500,189.59302385
98.43000,189.59895681
98.43500,189.60478401
98.44000,189.61045878
98.44500,189.61599957
98.45000,189.62136664
98.45500,189.62658088
98.46000,189.63164647
98.46500,189.63659356
98.47000,189.64140070
98.47500,189.64603487
98.48000,189.65050350
98.48500,189.65477710
98.49000,189.65884268
98.49500,189.66267043
98.50000,189.66630263
98.50500,189.66977900
98.51000,189.67313970
98.51500,189.67640910
98.52000,189.67959070
98.52500,189.68269258
98.53000,189.68569956
98.53500,189.68863364
98.54000,189.69147894
98.54500,189.69425718
98.55000,189.69695699
98.55500,189.69963317
98.56000,189.70231327
98.56500,189.70501167
98.57000,189.70770152
98.57500,189.71038286
98.58000,189.71307684
98.58500,189.71577350
98.59000,189.71844494
98.59500,189.72109341
98.60000,189.72376173
98.60500,189.72645017
98.61000,189.72913291
98.61500,189.73180270
98.62000,189.73449479
98.62500,189.73719140
98.63000,189.73990886
98.63500,189.74263688
98.64000,189.74539951
98.64500,189.74820954
98.65000,189.75107121
98.65500,189.75399777
98.66000,189.75700260
98.66500,189.76013844
98.67000,189.76339094
98.67500,189.76680342
98.68000,189.77036870
98.68500,189.77414253
98.69000,189.77811046
98.69500,189.78227442
98.70000,189.78657238
98.70500,189.79103760
98.71000,189.79565482
98.71500,189.80044166
98.72000,189.80533993
98.72500,189.81034443
98.73000,189.81542733
98.73500,189.82061834
98.74000,189.82588696
98.74500,189.83122484
98.75000,189.83661321
98.75500,189.84206451
98.76000,189.84754112
98.76500,189.85302662
98.77000,189.85850362
98.77500,189.86400536
98.78000,189.86951495
98.78500,189.87507157
98.79000,189.88067477
98.79500,189.88637609
98.80000,189.89217357
98.80500,189.89807895
98.81000,189.90407992
98.81500,189.91017320
98.82000,189.91632574
98.82500,189.92252150
98.83000,189.92876896
98.83500,189.93508459
98.84000,189.94143501
98.84500,189.94781407
98.85000,189.95419975
98.85500,189.96059055
98.86000,189.96695608
98.86500,189.97327627
98.87000,189.97953704
98.87500,189.98578026
98.88000,189.99201367
98.88500,189.99827273
98.89000,190.00456676
98.89500,190.01095807
98.90000,190.01746065
98.90500,190.02413990
98.91000,190.03101114
98.91500,190.03811529
98.92000,190.04542404
98.92500,190.05293907
98.93000,190.06061727
98.93500,190.06844820
98.94000,190.07644288
98.94500,190.08461300
98.95000,190.09293999
98.95500,190.10140744
98.96000,190.11001514
98.96500,190.11872036
98.97000,190.12749499
98.97500,190.13631667
98.98000,190.14518356
98.98500,190.15410041
98.99000,190.16307500
98.99500,190.17212757
99.00000,190.18126119
99.00500,190.19049181
99.01000,190.19976818
99.01500,190.20907758
99.02000,190.21841959
99.02500,190.22780903
99.03000,190.23718648
99.03500,190.24653469
99.04000,190.25585072
99.04500,190.26516463
99.05000,190.27443053
99.05500,190.28368893
99.06000,190.29293305
99.06500,190.30219625
99.07000,190.31141830
99.07500,190.32061186
99.08000,190.32981232
99.08500,190.33905385
99.09000,190.34833385
99.09500,190.35763646
99.10000,190.36701262
99.10500,190.37642010
99.11000,190.38583215
99.11500,190.39519951
99.12000,190.40453710
99.12500,190.41385683
99.13000,190.42316948
99.13500,190.43250259
99.14000,190.44187929
99.14500,190.45128770
99.15000,190.46071979
99.15500,190.47016176
99.16000,190.47965078
99.16500,190.48919924
99.17000,190.49881467
99.17500,190.50850651
99.18000,190.51829123
99.18500,190.52821911
99.19000,190.53823687
99.19500,190.54837799
99.20000,190.55855082
99.20500,190.56885479
99.21000,190.57923675
99.21500,190.58973326
99.22000,190.60028146
99.22500,190.61094127
99.23000,190.62170411
99.23500,190.63264131
99.24000,190.64377367
99.24500,190.65518170
99.25000,190.66686419
99.25500,190.67881018
99.26000,190.69104591
99.26500,190.70360396
99.27000,190.71651650
99.27500,190.72970766
99.28000,190.74314769
99.28500,190.75678161
99.29000,190.77052579
99.29500,190.78424339
99.30000,190.79786870
99.30500,190.81136743
99.31000,190.82477614
99.31500,190.83805309
99.32000,190.85119564
99.32500,190.86420055
99.33000,190.87706496
99.33500,190.88979534
99.34000,190.90230992
99.34500,190.91468787
99.35000,190.92690307
99.35500,190.93899844
99.36000,190.95094754
99.36500,190.96283806
99.37000,190.97472327
99.37500,190.98662388
99.38000,190.99862078
99.38500,191.01069962
99.39000,191.02297440
99.39500,191.03531498
99.40000,191.04774664
99.40500,191.06020764
99.41000,191.07269856
99.41500,191.08506538
99.42000,191.09721358
99.42500,191.10918130
99.43000,191.12097617
99.43500,191.13267844
99.44000,191.14426656
99.44500,191.15578256
99.45000,191.16721369
99.45500,191.17857052
99.46000,191.18984678
99.46500,191.20105124
99.47000,191.21232172
99.47500,191.22362264
99.48000,191.23498082
99.48500,191.24638069
99.49000,191.25797066
99.49500,191.26976096
99.50000,191.28170874
99.50500,191.29388040
99.51000,191.30634831
99.51500,191.31907248
99.52000,191.33182928
99.52500,191.34464222
99.53000,191.35755830
99.53500,191.37056569
99.54000,191.38364372
99.54500,191.39679252
99.55000,191.41007968
99.55500,191.42344301
99.56000,191.43675572
99.56500,191.44989127
99.57000,191.46288379
99.57500,191.47561487
99.58000,191.48787635
99.58500,191.49968950
99.59000,191.51104384
99.59500,191.52201886
99.60000,191.53244232
99.60500,191.54248417
99.61000,191.55214515
99.61500,191.56153401
99.62000,191.57050120
99.62500,191.57913843
99.63000,191.58750503
99.63500,191.59565217
99.64000,191.60352419
99.64500,191.61114818
99.65000,191.61862813
99.65500,191.62597072
99.66000,191.63298655
99.66500,191.63953954
99.67000,191.64572707
99.67500,191.65153638
99.68000,191.65689512
99.68500,191.66167508
99.69000,191.66613500
99.69500,191.67030547
99.70000,191.67428292
99.70500,191.67805254
99.71000,191.68197328
99.71500,191.68594902
99.72000,191.69011523
99.72500,191.69420178
99.73000,191.69853062
99.73500,191.70293644
99.74000,191.70759644
99.74500,191.71232490
99.75000,191.71732892
99.75500,191.72247759
99.76000,191.72770935
99.76500,191.73284329
99.77000,191.73791140
99.77500,191.74285987
99.78000,191.74760068
99.78500,191.75218326
99.79000,191.75666380
99.79500,191.76111499
99.80000,191.76536967
99.80500,191.76936326
99.81000,191.77300245
99.81500,191.77616165
99.82000,191.77858804
99.82500,191.78020349
99.83000,191.78125217
99.83500,191.78186714
99.84000,191.78224904
99.84500,191.78251410
99.85000,191.78275864
99.85500,191.78314931
99.86000,191.78351414
99.86500,191.78407139
99.87000,191.78432593
99.87500,191.78447314
99.88000,191.78408671
99.88500,191.78351720
99.89000,191.78225425
99.89500,191.78066330
99.90000,191.77864193
99.90500,191.77674822
99.91000,191.77469995
99.91500,191.77263782
99.92000,191.77058180
99.92500,191.76869654
99.93000,191.76713190
99.93500,191.76578828
99.94000,191.76465840
99.94500,191.76326627
99.95000,191.76168944
99.95500,191.75986005
99.96000,191.75771747
99.96500,191.75517616
99.97000,191.75200690
99.97500,191.74884459
99.98000,191.74640728
99.98500,191.74398846
99.99000,191.74050998
99.99500,191.73661192
100.00000,191.73257550
